# Time-averaged data for fix msdDump
# TimeStep c_msdID[4]
225000 0
225015 0.0869739
225030 0.171045
225045 0.233285
225060 0.286617
225075 0.332486
225090 0.37271
225105 0.403331
225120 0.424494
225135 0.435723
225150 0.440313
225165 0.440375
225180 0.436708
225195 0.429354
225210 0.420174
225225 0.409013
225240 0.401313
225255 0.394707
225270 0.389443
225285 0.385603
225300 0.383108
225315 0.381155
225330 0.379857
225345 0.380062
225360 0.381057
225375 0.38382
225390 0.384998
225405 0.385408
225420 0.38521
225435 0.384396
225450 0.382636
225465 0.381953
225480 0.381885
225495 0.381741
225510 0.38019
225525 0.377293
225540 0.374156
225555 0.374017
225570 0.370875
225585 0.367775
225600 0.365384
225615 0.361833
225630 0.358445
225645 0.35469
225660 0.352551
225675 0.353948
225690 0.357408
225705 0.358386
225720 0.356772
225735 0.357404
225750 0.361058
225765 0.366365
225780 0.371171
225795 0.373618
225810 0.372478
225825 0.371428
225840 0.371358
225855 0.371869
225870 0.372027
225885 0.371452
225900 0.371164
225915 0.371247
225930 0.370455
225945 0.369422
225960 0.369881
225975 0.369247
225990 0.369192
226005 0.369134
226020 0.369131
226035 0.371525
226050 0.373808
226065 0.374016
226080 0.373227
226095 0.37442
226110 0.376009
226125 0.377573
226140 0.378638
226155 0.380028
226170 0.381727
226185 0.382615
226200 0.38313
226215 0.384043
226230 0.384472
226245 0.384664
226260 0.383741
226275 0.383136
226290 0.382699
226305 0.381664
226320 0.381217
226335 0.381061
226350 0.380571
226365 0.378013
226380 0.376421
226395 0.375746
226410 0.375885
226425 0.376793
226440 0.377709
226455 0.378519
226470 0.377822
226485 0.376538
226500 0.375079
226515 0.374079
226530 0.371431
226545 0.368075
226560 0.367262
226575 0.367192
226590 0.367308
226605 0.367098
226620 0.367346
226635 0.366983
226650 0.366385
226665 0.365727
226680 0.364916
226695 0.365565
226710 0.365304
226725 0.366661
226740 0.367445
226755 0.36901
226770 0.371687
226785 0.371409
226800 0.370745
226815 0.372629
226830 0.375535
226845 0.378557
226860 0.381166
226875 0.381946
226890 0.381519
226905 0.381982
226920 0.380745
226935 0.378393
226950 0.376118
226965 0.375542
226980 0.377405
226995 0.381107
227010 0.383876
227025 0.385641
227040 0.388005
227055 0.391136
227070 0.394656
227085 0.396009
227100 0.396437
227115 0.394705
227130 0.393187
227145 0.391911
227160 0.390245
227175 0.389193
227190 0.38963
227205 0.388635
227220 0.389238
227235 0.388349
227250 0.386046
227265 0.383606
227280 0.381854
227295 0.377457
227310 0.37513
227325 0.371735
227340 0.36993
227355 0.368464
227370 0.366675
227385 0.36571
227400 0.365769
227415 0.365395
227430 0.364978
227445 0.366947
227460 0.367939
227475 0.36939
227490 0.370335
227505 0.372522
227520 0.377776
227535 0.380704
227550 0.382515
227565 0.383986
227580 0.382781
227595 0.383693
227610 0.385102
227625 0.383293
227640 0.382019
227655 0.379698
227670 0.378076
227685 0.379187
227700 0.379603
227715 0.382216
227730 0.385476
227745 0.388516
227760 0.390556
227775 0.394287
227790 0.396682
227805 0.397251
227820 0.399565
227835 0.400421
227850 0.400494
227865 0.401602
227880 0.401561
227895 0.401492
227910 0.403039
227925 0.402226
227940 0.399578
227955 0.396512
227970 0.394045
227985 0.392265
228000 0.389919
228015 0.38701
228030 0.385088
228045 0.384495
228060 0.385335
228075 0.386512
228090 0.386435
228105 0.38592
228120 0.385447
228135 0.385859
228150 0.386262
228165 0.386541
228180 0.387313
228195 0.385298
228210 0.383024
228225 0.381043
228240 0.380244
228255 0.377848
228270 0.378455
228285 0.378703
228300 0.376475
228315 0.378604
228330 0.38032
228345 0.382029
228360 0.382169
228375 0.383959
228390 0.383036
228405 0.383581
228420 0.384516
228435 0.382692
228450 0.382062
228465 0.381825
228480 0.379951
228495 0.379184
228510 0.380192
228525 0.383304
228540 0.385256
228555 0.385813
228570 0.388285
228585 0.391394
228600 0.392369
228615 0.393285
228630 0.394726
228645 0.395556
228660 0.396455
228675 0.395294
228690 0.393206
228705 0.392525
228720 0.39332
228735 0.393514
228750 0.392707
228765 0.390634
228780 0.389314
228795 0.389704
228810 0.389426
228825 0.387397
228840 0.384421
228855 0.381072
228870 0.381843
228885 0.379727
228900 0.379977
228915 0.380279
228930 0.382367
228945 0.383962
228960 0.386399
228975 0.389038
228990 0.390995
229005 0.39222
229020 0.394855
229035 0.393759
229050 0.390139
229065 0.387968
229080 0.384841
229095 0.384771
229110 0.384367
229125 0.385214
229140 0.38558
229155 0.386439
229170 0.388862
229185 0.391794
229200 0.392953
229215 0.390874
229230 0.387073
229245 0.382576
229260 0.381734
229275 0.380667
229290 0.378093
229305 0.376924
229320 0.374199
229335 0.374611
229350 0.376907
229365 0.380471
229380 0.382749
229395 0.384631
229410 0.388269
229425 0.389864
229440 0.389684
229455 0.388993
229470 0.388619
229485 0.388963
229500 0.388085
229515 0.387863
229530 0.387369
229545 0.386072
229560 0.385749
229575 0.385507
229590 0.385317
229605 0.384841
229620 0.384237
229635 0.383979
229650 0.384868
229665 0.385671
229680 0.385824
229695 0.386547
229710 0.385924
229725 0.384498
229740 0.383393
229755 0.38335
229770 0.384644
229785 0.38158
229800 0.37924
229815 0.377896
229830 0.377229
229845 0.376507
229860 0.378431
229875 0.377446
229890 0.380155
229905 0.382201
229920 0.383904
229935 0.385127
229950 0.384121
229965 0.38517
229980 0.384077
229995 0.382381
230010 0.381738
230025 0.381453
230040 0.380547
230055 0.37821
230070 0.376861
230085 0.379233
230100 0.382319
230115 0.385097
230130 0.386592
230145 0.387316
230160 0.389531
230175 0.392921
230190 0.393704
230205 0.392293
230220 0.390057
230235 0.388208
230250 0.389295
230265 0.387543
230280 0.385895
230295 0.385282
230310 0.38397
230325 0.384402
230340 0.380686
230355 0.379505
230370 0.379064
230385 0.379162
230400 0.379923
230415 0.381296
230430 0.381533
230445 0.381667
230460 0.38331
230475 0.384028
230490 0.38351
230505 0.382332
230520 0.382783
230535 0.384201
230550 0.386457
230565 0.387375
230580 0.387656
230595 0.388018
230610 0.38881
230625 0.388145
230640 0.387054
230655 0.385136
230670 0.384265
230685 0.38432
230700 0.382502
230715 0.381641
230730 0.378486
230745 0.377811
230760 0.379146
230775 0.38223
230790 0.384873
230805 0.385218
230820 0.384301
230835 0.382938
230850 0.384574
230865 0.384277
230880 0.382242
230895 0.38237
230910 0.382989
230925 0.381106
230940 0.379519
230955 0.380913
230970 0.381479
230985 0.380177
231000 0.379685
231015 0.380686
231030 0.382462
231045 0.381949
231060 0.381677
231075 0.381527
231090 0.382124
231105 0.384095
231120 0.386177
231135 0.386189
231150 0.385592
231165 0.382913
231180 0.379774
231195 0.378091
231210 0.375821
231225 0.374724
231240 0.377045
231255 0.378974
231270 0.381053
231285 0.381384
231300 0.380699
231315 0.381872
231330 0.383485
231345 0.384054
231360 0.385125
231375 0.386218
231390 0.386485
231405 0.38665
231420 0.385764
231435 0.38545
231450 0.386374
231465 0.38728
231480 0.386441
231495 0.385814
231510 0.38528
231525 0.38554
231540 0.38428
231555 0.382924
231570 0.380753
231585 0.378581
231600 0.377004
231615 0.378338
231630 0.378223
231645 0.381293
231660 0.383804
231675 0.384361
231690 0.386743
231705 0.386882
231720 0.387511
231735 0.386949
231750 0.382063
231765 0.381905
231780 0.383386
231795 0.38253
231810 0.381939
231825 0.382474
231840 0.383477
231855 0.382981
231870 0.382094
231885 0.380177
231900 0.379152
231915 0.38019
231930 0.379985
231945 0.381526
231960 0.386172
231975 0.388091
231990 0.389717
232005 0.391028
232020 0.393365
232035 0.393901
232050 0.392786
232065 0.392338
232080 0.39003
232095 0.389573
232110 0.388457
232125 0.386422
232140 0.383353
232155 0.38103
232170 0.378764
232185 0.378853
232200 0.377492
232215 0.376966
232230 0.378296
232245 0.381403
232260 0.385538
232275 0.38849
232290 0.38903
232305 0.389105
232320 0.387536
232335 0.385984
232350 0.384185
232365 0.382169
232380 0.378766
232395 0.375935
232410 0.375391
232425 0.374628
232440 0.375984
232455 0.378022
232470 0.378469
232485 0.381959
232500 0.387182
232515 0.390347
232530 0.391422
232545 0.39219
232560 0.391944
232575 0.392361
232590 0.392416
232605 0.392957
232620 0.390397
232635 0.387733
232650 0.389077
232665 0.389074
232680 0.388588
232695 0.389247
232710 0.388399
232725 0.387254
232740 0.38518
232755 0.384595
232770 0.384083
232785 0.383581
232800 0.383765
232815 0.382642
232830 0.382339
232845 0.381445
232860 0.381692
232875 0.381418
232890 0.381546
232905 0.38096
232920 0.382031
232935 0.381231
232950 0.382811
232965 0.382853
232980 0.382313
232995 0.382832
233010 0.383318
233025 0.38776
233040 0.39158
233055 0.392408
233070 0.392169
233085 0.392531
233100 0.39329
233115 0.392994
233130 0.39191
233145 0.392863
233160 0.391331
233175 0.388774
233190 0.387964
233205 0.387615
233220 0.38648
233235 0.386358
233250 0.387186
233265 0.387199
233280 0.387339
233295 0.388273
233310 0.387819
233325 0.388152
233340 0.387965
233355 0.387265
233370 0.386784
233385 0.38619
233400 0.387253
233415 0.387764
233430 0.386432
233445 0.385603
233460 0.387912
233475 0.390193
233490 0.392399
233505 0.391221
233520 0.390111
233535 0.389823
233550 0.387754
233565 0.385993
233580 0.38378
233595 0.383336
233610 0.381493
233625 0.380183
233640 0.378994
233655 0.378018
233670 0.375464
233685 0.376405
233700 0.378522
233715 0.378215
233730 0.378607
233745 0.377965
233760 0.378997
233775 0.383497
233790 0.384981
233805 0.384704
233820 0.384649
233835 0.384686
233850 0.383269
233865 0.382308
233880 0.381588
233895 0.381617
233910 0.379537
233925 0.378775
233940 0.377607
233955 0.377428
233970 0.378092
233985 0.377089
234000 0.377746
234015 0.376995
234030 0.376703
234045 0.376662
234060 0.376338
234075 0.376794
234090 0.377186
234105 0.380703
234120 0.383985
234135 0.38658
234150 0.387413
234165 0.392496
234180 0.395824
234195 0.398176
234210 0.397127
234225 0.396825
234240 0.395945
234255 0.39807
234270 0.400031
234285 0.399415
234300 0.395917
234315 0.390459
234330 0.385415
234345 0.382937
234360 0.382857
234375 0.382893
234390 0.383011
234405 0.380816
234420 0.380376
234435 0.379723
234450 0.379921
234465 0.381345
234480 0.385107
234495 0.38784
234510 0.388157
234525 0.388965
234540 0.389687
234555 0.390878
234570 0.391155
234585 0.391484
234600 0.39064
234615 0.38759
234630 0.38345
234645 0.380599
234660 0.378558
234675 0.377799
234690 0.376648
234705 0.374581
234720 0.37232
234735 0.371261
234750 0.371646
234765 0.372654
234780 0.372198
234795 0.373044
234810 0.37242
234825 0.371412
234840 0.372409
234855 0.371471
234870 0.371749
234885 0.372637
234900 0.373654
234915 0.376277
234930 0.378611
234945 0.380816
234960 0.38342
234975 0.387867
234990 0.389478
235005 0.390693
235020 0.391664
235035 0.391449
235050 0.39208
235065 0.391362
235080 0.392441
235095 0.392947
235110 0.393103
235125 0.394983
235140 0.395994
235155 0.39968
235170 0.400664
235185 0.401113
235200 0.403279
235215 0.403568
235230 0.403878
235245 0.402312
235260 0.399987
235275 0.399583
235290 0.399348
235305 0.400825
235320 0.400594
235335 0.397423
235350 0.395464
235365 0.392645
235380 0.39191
235395 0.39109
235410 0.389142
235425 0.387959
235440 0.385716
235455 0.384175
235470 0.38368
235485 0.38278
235500 0.382024
235515 0.379827
235530 0.379849
235545 0.380984
235560 0.381153
235575 0.382422
235590 0.382092
235605 0.382337
235620 0.385629
235635 0.385867
235650 0.384757
235665 0.384493
235680 0.383783
235695 0.384964
235710 0.385317
235725 0.386096
235740 0.385724
235755 0.385871
235770 0.384946
235785 0.386524
235800 0.386179
235815 0.384126
235830 0.382539
235845 0.38309
235860 0.383996
235875 0.383967
235890 0.383297
235905 0.384105
235920 0.386839
235935 0.387626
235950 0.386868
235965 0.38731
235980 0.390217
235995 0.389549
236010 0.387133
236025 0.38616
236040 0.382498
236055 0.382429
236070 0.383053
236085 0.38484
236100 0.385269
236115 0.386813
236130 0.386358
236145 0.386585
236160 0.387427
236175 0.389855
236190 0.393023
236205 0.394942
236220 0.394902
236235 0.395167
236250 0.393113
236265 0.390234
236280 0.388815
236295 0.38866
236310 0.388617
236325 0.386399
236340 0.383104
236355 0.37984
236370 0.376935
236385 0.374865
236400 0.375085
236415 0.3736
236430 0.374722
236445 0.375899
236460 0.374119
236475 0.372115
236490 0.370552
236505 0.371448
236520 0.37269
236535 0.373138
236550 0.373889
236565 0.374857
236580 0.376482
236595 0.379583
236610 0.382701
236625 0.385448
236640 0.386146
236655 0.385785
236670 0.386842
236685 0.386953
236700 0.38575
236715 0.384707
236730 0.38368
236745 0.384785
236760 0.386781
236775 0.385706
236790 0.382844
236805 0.382787
236820 0.382126
236835 0.38417
236850 0.384814
236865 0.382392
236880 0.381899
236895 0.382305
236910 0.384453
236925 0.384608
236940 0.3858
236955 0.387048
236970 0.388826
236985 0.3888
237000 0.389797
237015 0.390662
237030 0.390482
237045 0.392336
237060 0.39297
237075 0.391522
237090 0.3878
237105 0.386196
237120 0.38488
237135 0.382485
237150 0.379882
237165 0.37685
237180 0.377683
237195 0.379264
237210 0.380754
237225 0.382078
237240 0.383511
237255 0.385291
237270 0.386343
237285 0.38603
237300 0.386462
237315 0.387
237330 0.387193
237345 0.387511
237360 0.386369
237375 0.38548
237390 0.384764
237405 0.385103
237420 0.386228
237435 0.386197
237450 0.388007
237465 0.38807
237480 0.388054
237495 0.387525
237510 0.388384
237525 0.389847
237540 0.389909
237555 0.389818
237570 0.38711
237585 0.383943
237600 0.382029
237615 0.380993
237630 0.38121
237645 0.382059
237660 0.381467
237675 0.380556
237690 0.378785
237705 0.378186
237720 0.377712
237735 0.377256
237750 0.375944
237765 0.377149
237780 0.37729
237795 0.378672
237810 0.378655
237825 0.379342
237840 0.381092
237855 0.379876
237870 0.379093
237885 0.379753
237900 0.378257
237915 0.376696
237930 0.375592
237945 0.374814
237960 0.37536
237975 0.377796
237990 0.380402
238005 0.381763
238020 0.38267
238035 0.383269
238050 0.384399
238065 0.383485
238080 0.382733
238095 0.381148
238110 0.379866
238125 0.381436
238140 0.383795
238155 0.384949
238170 0.38559
238185 0.385948
238200 0.384409
238215 0.384328
238230 0.386457
238245 0.387696
238260 0.388531
238275 0.391742
238290 0.394126
238305 0.395814
238320 0.395854
238335 0.394478
238350 0.390843
238365 0.386799
238380 0.381883
238395 0.381932
238410 0.382581
238425 0.383129
238440 0.387398
238455 0.389274
238470 0.389967
238485 0.388958
238500 0.389332
238515 0.388362
238530 0.388299
238545 0.390121
238560 0.391406
238575 0.392108
238590 0.393702
238605 0.395881
238620 0.396722
238635 0.39749
238650 0.398653
238665 0.397647
238680 0.395194
238695 0.393879
238710 0.393157
238725 0.390818
238740 0.389051
238755 0.386685
238770 0.382588
238785 0.381684
238800 0.382407
238815 0.384121
238830 0.383441
238845 0.382667
238860 0.382237
238875 0.381277
238890 0.381253
238905 0.381782
238920 0.380849
238935 0.379665
238950 0.381487
238965 0.382837
238980 0.383311
238995 0.383637
239010 0.384601
239025 0.386907
239040 0.38817
239055 0.38865
239070 0.391108
239085 0.392317
239100 0.391454
239115 0.392197
239130 0.393458
239145 0.393805
239160 0.391608
239175 0.390254
239190 0.387958
239205 0.389821
239220 0.391092
239235 0.390725
239250 0.389796
239265 0.389897
239280 0.38793
239295 0.38692
239310 0.386968
239325 0.387748
239340 0.386784
239355 0.386277
239370 0.388018
239385 0.389602
239400 0.391432
239415 0.392543
239430 0.392801
239445 0.392538
239460 0.392804
239475 0.394628
239490 0.397122
239505 0.398731
239520 0.397972
239535 0.397611
239550 0.397812
239565 0.39764
239580 0.39717
239595 0.395541
239610 0.393822
239625 0.393444
239640 0.393076
239655 0.394502
239670 0.39663
239685 0.397906
239700 0.398033
239715 0.397778
239730 0.395787
239745 0.392752
239760 0.389922
239775 0.385082
239790 0.382293
239805 0.380836
239820 0.381157
239835 0.380965
239850 0.377395
239865 0.373577
239880 0.372254
239895 0.371487
239910 0.371884
239925 0.372392
239940 0.373662
239955 0.374705
239970 0.37711
239985 0.3788
240000 0.38202
