# Time-averaged data for fix msdDump
# TimeStep c_msdID[4]
255000 0
255015 0.0941772
255030 0.185889
255045 0.254308
255060 0.316315
255075 0.367447
255090 0.408793
255105 0.439976
255120 0.46431
255135 0.476737
255150 0.480759
255165 0.482335
255180 0.477579
255195 0.466545
255210 0.454572
255225 0.442379
255240 0.430099
255255 0.417683
255270 0.406959
255285 0.396255
255300 0.388851
255315 0.383781
255330 0.381889
255345 0.382412
255360 0.383985
255375 0.386314
255390 0.387198
255405 0.39078
255420 0.39396
255435 0.398725
255450 0.402762
255465 0.405571
255480 0.404671
255495 0.403358
255510 0.401139
255525 0.398617
255540 0.398519
255555 0.396791
255570 0.396257
255585 0.395797
255600 0.395868
255615 0.394032
255630 0.39287
255645 0.39033
255660 0.389406
255675 0.389039
255690 0.389001
255705 0.390306
255720 0.392583
255735 0.393444
255750 0.394394
255765 0.396763
255780 0.396009
255795 0.398631
255810 0.398293
255825 0.396489
255840 0.396521
255855 0.395293
255870 0.39495
255885 0.393481
255900 0.390929
255915 0.390287
255930 0.392244
255945 0.394822
255960 0.396489
255975 0.399686
255990 0.398264
256005 0.39716
256020 0.396143
256035 0.394905
256050 0.393382
256065 0.393
256080 0.393613
256095 0.395084
256110 0.396303
256125 0.399307
256140 0.39946
256155 0.401352
256170 0.401147
256185 0.399055
256200 0.398871
256215 0.397492
256230 0.399012
256245 0.399262
256260 0.398222
256275 0.396385
256290 0.394133
256305 0.393146
256320 0.393369
256335 0.395637
256350 0.395718
256365 0.396021
256380 0.397799
256395 0.399285
256410 0.400323
256425 0.401395
256440 0.401537
256455 0.4012
256470 0.400558
256485 0.399963
256500 0.399681
256515 0.398906
256530 0.398111
256545 0.395624
256560 0.3932
256575 0.393039
256590 0.391654
256605 0.390958
256620 0.388706
256635 0.386694
256650 0.386184
256665 0.389375
256680 0.39214
256695 0.394386
256710 0.395511
256725 0.394378
256740 0.394324
256755 0.39426
256770 0.394692
256785 0.390276
256800 0.388451
256815 0.38631
256830 0.388081
256845 0.389637
256860 0.389508
256875 0.391636
256890 0.395549
256905 0.399603
256920 0.403597
256935 0.404695
256950 0.40532
256965 0.405411
256980 0.404413
256995 0.403894
257010 0.402384
257025 0.400414
257040 0.399337
257055 0.399009
257070 0.397934
257085 0.396728
257100 0.395937
257115 0.3961
257130 0.398884
257145 0.403299
257160 0.406381
257175 0.40708
257190 0.405893
257205 0.403314
257220 0.401443
257235 0.399653
257250 0.397469
257265 0.397765
257280 0.396323
257295 0.396884
257310 0.396789
257325 0.396648
257340 0.397292
257355 0.396575
257370 0.395671
257385 0.39599
257400 0.393283
257415 0.392606
257430 0.39104
257445 0.388536
257460 0.385366
257475 0.382119
257490 0.380326
257505 0.38105
257520 0.384308
257535 0.388031
257550 0.389298
257565 0.390253
257580 0.390378
257595 0.389534
257610 0.390776
257625 0.391994
257640 0.394074
257655 0.397963
257670 0.399382
257685 0.395685
257700 0.391196
257715 0.391079
257730 0.388794
257745 0.38958
257760 0.389606
257775 0.389204
257790 0.389398
257805 0.388435
257820 0.389
257835 0.390745
257850 0.391778
257865 0.393969
257880 0.396325
257895 0.396562
257910 0.398373
257925 0.398894
257940 0.398448
257955 0.398458
257970 0.396541
257985 0.395816
258000 0.395205
258015 0.394086
258030 0.393574
258045 0.391733
258060 0.390059
258075 0.389579
258090 0.393353
258105 0.395433
258120 0.396836
258135 0.397869
258150 0.398846
258165 0.400618
258180 0.399637
258195 0.400948
258210 0.400993
258225 0.399551
258240 0.396404
258255 0.392564
258270 0.389694
258285 0.38844
258300 0.38812
258315 0.389292
258330 0.391495
258345 0.394064
258360 0.395154
258375 0.394814
258390 0.393688
258405 0.393268
258420 0.395327
258435 0.398298
258450 0.399852
258465 0.401304
258480 0.403367
258495 0.405524
258510 0.405398
258525 0.402749
258540 0.400847
258555 0.400314
258570 0.39939
258585 0.399759
258600 0.399741
258615 0.398463
258630 0.39899
258645 0.397736
258660 0.397284
258675 0.397693
258690 0.39899
258705 0.398679
258720 0.396872
258735 0.395473
258750 0.393984
258765 0.391177
258780 0.387362
258795 0.386853
258810 0.388496
258825 0.388858
258840 0.389573
258855 0.390854
258870 0.391678
258885 0.393824
258900 0.395097
258915 0.395025
258930 0.393887
258945 0.392001
258960 0.391864
258975 0.39448
258990 0.396062
259005 0.39704
259020 0.398327
259035 0.399122
259050 0.399376
259065 0.39865
259080 0.397738
259095 0.395698
259110 0.392815
259125 0.390536
259140 0.389033
259155 0.389864
259170 0.391113
259185 0.391612
259200 0.391756
259215 0.391608
259230 0.389412
259245 0.389835
259260 0.391863
259275 0.39342
259290 0.39633
259305 0.399863
259320 0.401134
259335 0.402454
259350 0.400241
259365 0.400189
259380 0.397013
259395 0.396291
259410 0.39563
259425 0.395005
259440 0.393693
259455 0.393146
259470 0.391665
259485 0.389629
259500 0.387742
259515 0.387862
259530 0.388452
259545 0.386297
259560 0.383935
259575 0.383145
259590 0.386487
259605 0.388307
259620 0.387847
259635 0.386221
259650 0.383303
259665 0.3821
259680 0.382254
259695 0.383134
259710 0.384779
259725 0.387628
259740 0.391167
259755 0.39388
259770 0.394381
259785 0.394413
259800 0.393453
259815 0.393958
259830 0.394603
259845 0.396187
259860 0.397306
259875 0.400191
259890 0.401152
259905 0.40029
259920 0.396676
259935 0.394815
259950 0.394407
259965 0.393994
259980 0.392735
259995 0.39333
260010 0.39458
260025 0.395401
260040 0.398034
260055 0.398854
260070 0.398646
260085 0.399202
260100 0.398919
260115 0.397775
260130 0.39795
260145 0.39751
260160 0.397253
260175 0.397093
260190 0.397511
260205 0.397415
260220 0.396733
260235 0.396112
260250 0.394832
260265 0.394637
260280 0.394159
260295 0.393783
260310 0.393214
260325 0.393905
260340 0.394366
260355 0.395183
260370 0.392814
260385 0.390725
260400 0.389398
260415 0.388745
260430 0.389614
260445 0.391662
260460 0.393419
260475 0.394067
260490 0.393968
260505 0.394895
260520 0.39807
260535 0.399284
260550 0.400763
260565 0.402934
260580 0.405365
260595 0.406719
260610 0.405559
260625 0.404209
260640 0.401409
260655 0.399949
260670 0.400367
260685 0.399388
260700 0.398207
260715 0.397092
260730 0.396591
260745 0.394938
260760 0.393453
260775 0.392681
260790 0.393307
260805 0.392993
260820 0.392365
260835 0.392596
260850 0.394755
260865 0.394726
260880 0.3931
260895 0.391457
260910 0.388443
260925 0.385507
260940 0.383377
260955 0.382727
260970 0.384007
260985 0.386544
261000 0.388684
261015 0.389325
261030 0.39216
261045 0.393372
261060 0.393516
261075 0.395158
261090 0.395175
261105 0.395154
261120 0.395641
261135 0.395698
261150 0.396636
261165 0.396166
261180 0.394387
261195 0.395283
261210 0.397238
261225 0.397453
261240 0.397581
261255 0.397245
261270 0.396316
261285 0.396476
261300 0.396181
261315 0.396802
261330 0.395976
261345 0.395093
261360 0.392579
261375 0.392183
261390 0.392303
261405 0.394087
261420 0.39467
261435 0.393816
261450 0.395435
261465 0.399365
261480 0.401442
261495 0.403154
261510 0.402126
261525 0.400696
261540 0.400476
261555 0.399416
261570 0.397266
261585 0.39499
261600 0.393078
261615 0.391972
261630 0.390914
261645 0.3905
261660 0.389203
261675 0.387437
261690 0.384954
261705 0.384246
261720 0.384168
261735 0.38564
261750 0.3869
261765 0.388119
261780 0.389931
261795 0.390086
261810 0.390923
261825 0.393461
261840 0.395622
261855 0.396916
261870 0.396977
261885 0.39984
261900 0.404371
261915 0.40438
261930 0.403261
261945 0.400543
261960 0.398683
261975 0.395887
261990 0.393934
262005 0.393186
262020 0.391667
262035 0.393563
262050 0.394318
262065 0.394264
262080 0.394639
262095 0.392438
262110 0.390478
262125 0.390327
262140 0.390056
262155 0.389969
262170 0.392365
262185 0.392905
262200 0.394228
262215 0.396174
262230 0.396402
262245 0.3967
262260 0.398812
262275 0.398966
262290 0.396956
262305 0.393385
262320 0.392697
262335 0.396265
262350 0.399471
262365 0.3994
262380 0.398936
262395 0.398808
262410 0.399102
262425 0.399548
262440 0.39909
262455 0.399711
262470 0.399408
262485 0.397694
262500 0.394176
262515 0.391248
262530 0.389195
262545 0.388857
262560 0.387872
262575 0.38534
262590 0.383309
262605 0.382802
262620 0.385135
262635 0.388847
262650 0.390665
262665 0.39181
262680 0.390533
262695 0.389303
262710 0.387415
262725 0.386407
262740 0.387907
262755 0.389417
262770 0.387444
262785 0.38681
262800 0.389291
262815 0.389136
262830 0.387242
262845 0.387776
262860 0.388915
262875 0.388699
262890 0.391381
262905 0.39272
262920 0.394503
262935 0.39722
262950 0.399781
262965 0.400629
262980 0.40187
262995 0.402253
263010 0.4027
263025 0.405625
263040 0.408875
263055 0.409393
263070 0.410156
263085 0.40838
263100 0.40752
263115 0.405637
263130 0.402646
263145 0.399966
263160 0.397664
263175 0.397612
263190 0.39456
263205 0.394421
263220 0.39427
263235 0.391998
263250 0.38986
263265 0.386827
263280 0.385966
263295 0.385016
263310 0.384371
263325 0.386213
263340 0.388451
263355 0.390124
263370 0.392063
263385 0.391898
263400 0.39136
263415 0.393359
263430 0.391661
263445 0.39166
263460 0.391661
263475 0.391264
263490 0.392071
263505 0.392514
263520 0.391445
263535 0.391126
263550 0.391826
263565 0.391675
263580 0.394546
263595 0.394063
263610 0.395705
263625 0.39739
263640 0.39898
263655 0.399921
263670 0.398848
263685 0.395383
263700 0.395192
263715 0.394941
263730 0.39556
263745 0.395791
263760 0.395053
263775 0.395247
263790 0.39612
263805 0.397356
263820 0.394398
263835 0.391778
263850 0.391321
263865 0.392434
263880 0.393949
263895 0.392744
263910 0.392653
263925 0.392512
263940 0.39294
263955 0.393001
263970 0.391153
263985 0.39004
264000 0.389955
264015 0.390564
264030 0.389886
264045 0.388881
264060 0.389692
264075 0.391777
264090 0.393764
264105 0.395431
264120 0.396951
264135 0.398421
264150 0.399148
264165 0.39767
264180 0.397164
264195 0.396663
264210 0.397203
264225 0.397931
264240 0.395759
264255 0.393291
264270 0.393891
264285 0.394987
264300 0.396737
264315 0.398236
264330 0.398526
264345 0.398405
264360 0.400206
264375 0.405315
264390 0.408625
264405 0.407577
264420 0.406466
264435 0.403689
264450 0.401412
264465 0.399715
264480 0.398135
264495 0.395567
264510 0.394556
264525 0.394755
264540 0.394508
264555 0.393991
264570 0.394061
264585 0.390909
264600 0.389104
264615 0.390853
264630 0.392547
264645 0.392439
264660 0.390814
264675 0.391492
264690 0.392611
264705 0.393771
264720 0.39414
264735 0.395018
264750 0.396088
264765 0.393985
264780 0.390597
264795 0.391167
264810 0.393889
264825 0.394795
264840 0.395208
264855 0.395086
264870 0.393271
264885 0.391146
264900 0.389993
264915 0.39154
264930 0.394825
264945 0.397712
264960 0.397314
264975 0.398593
264990 0.400199
265005 0.402568
265020 0.402306
265035 0.400957
265050 0.398427
265065 0.398669
265080 0.401106
265095 0.402024
265110 0.399632
265125 0.398307
265140 0.397607
265155 0.395736
265170 0.3949
265185 0.393481
265200 0.393356
265215 0.39404
265230 0.395997
265245 0.398216
265260 0.398741
265275 0.395812
265290 0.391328
265305 0.388313
265320 0.386444
265335 0.385278
265350 0.383032
265365 0.384158
265380 0.385854
265395 0.38768
265410 0.388807
265425 0.388933
265440 0.388708
265455 0.389359
265470 0.391801
265485 0.39228
265500 0.391079
265515 0.390439
265530 0.389789
265545 0.389619
265560 0.390438
265575 0.391317
265590 0.393431
265605 0.394959
265620 0.396962
265635 0.396248
265650 0.394603
265665 0.392538
265680 0.391833
265695 0.391743
265710 0.390887
265725 0.391558
265740 0.392034
265755 0.395613
265770 0.396054
265785 0.393872
265800 0.393621
265815 0.393438
265830 0.39056
265845 0.390225
265860 0.391525
265875 0.391586
265890 0.391529
265905 0.391498
265920 0.39176
265935 0.393467
265950 0.396741
265965 0.399273
265980 0.400419
265995 0.403408
266010 0.406019
266025 0.407555
266040 0.408415
266055 0.406848
266070 0.402097
266085 0.401072
266100 0.399516
266115 0.399115
266130 0.399016
266145 0.398898
266160 0.400762
266175 0.405574
266190 0.406964
266205 0.404746
266220 0.402353
266235 0.40209
266250 0.40238
266265 0.403076
266280 0.403661
266295 0.402353
266310 0.400785
266325 0.399493
266340 0.399169
266355 0.398628
266370 0.399188
266385 0.397405
266400 0.394364
266415 0.394186
266430 0.39384
266445 0.393946
266460 0.392012
266475 0.388353
266490 0.387905
266505 0.387569
266520 0.387219
266535 0.386476
266550 0.38698
266565 0.38632
266580 0.386574
266595 0.389132
266610 0.389916
266625 0.389793
266640 0.3902
266655 0.389312
266670 0.387978
266685 0.387157
266700 0.385386
266715 0.385531
266730 0.38804
266745 0.390918
266760 0.391601
266775 0.392641
266790 0.393766
266805 0.397013
266820 0.400659
266835 0.400426
266850 0.397392
266865 0.396897
266880 0.398636
266895 0.39887
266910 0.398673
266925 0.394403
266940 0.390619
266955 0.391222
266970 0.39284
266985 0.393344
267000 0.393413
267015 0.393409
267030 0.393561
267045 0.395072
267060 0.398084
267075 0.399659
267090 0.400279
267105 0.400016
267120 0.400316
267135 0.400598
267150 0.401056
267165 0.400613
267180 0.398813
267195 0.400574
267210 0.403195
267225 0.404804
267240 0.404832
267255 0.403308
267270 0.401651
267285 0.399143
267300 0.394597
267315 0.39273
267330 0.392667
267345 0.39242
267360 0.39235
267375 0.390618
267390 0.387331
267405 0.384697
267420 0.383885
267435 0.383048
267450 0.382917
267465 0.383669
267480 0.384627
267495 0.385202
267510 0.385623
267525 0.38644
267540 0.388456
267555 0.392436
267570 0.395156
267585 0.397671
267600 0.399003
267615 0.399529
267630 0.398351
267645 0.399068
267660 0.399156
267675 0.398424
267690 0.398541
267705 0.399072
267720 0.397351
267735 0.397036
267750 0.396271
267765 0.397893
267780 0.397239
267795 0.397262
267810 0.39819
267825 0.400234
267840 0.401293
267855 0.399724
267870 0.398613
267885 0.398645
267900 0.400645
267915 0.400494
267930 0.398802
267945 0.394968
267960 0.391911
267975 0.390336
267990 0.388429
268005 0.389247
268020 0.390007
268035 0.390347
268050 0.392597
268065 0.39328
268080 0.391901
268095 0.390999
268110 0.389581
268125 0.390059
268140 0.390513
268155 0.390505
268170 0.393097
268185 0.394637
268200 0.395255
268215 0.395498
268230 0.396002
268245 0.397239
268260 0.397904
268275 0.398901
268290 0.398243
268305 0.398534
268320 0.398219
268335 0.398013
268350 0.396744
268365 0.394738
268380 0.39236
268395 0.390708
268410 0.39008
268425 0.39027
268440 0.387955
268455 0.38531
268470 0.385978
268485 0.387402
268500 0.387425
268515 0.386879
268530 0.388078
268545 0.38908
268560 0.392774
268575 0.396751
268590 0.400684
268605 0.404548
268620 0.405051
268635 0.404103
268650 0.403108
268665 0.402303
268680 0.402204
268695 0.39921
268710 0.39457
268725 0.392653
268740 0.390184
268755 0.389611
268770 0.389225
268785 0.389679
268800 0.391497
268815 0.394993
268830 0.396548
268845 0.395921
268860 0.396175
268875 0.397479
268890 0.398705
268905 0.39765
268920 0.396573
268935 0.394484
268950 0.393341
268965 0.392102
268980 0.393445
268995 0.393887
269010 0.393991
269025 0.395067
269040 0.398827
269055 0.399391
269070 0.397462
269085 0.395559
269100 0.394859
269115 0.393177
269130 0.392429
269145 0.39304
269160 0.39448
269175 0.396082
269190 0.395989
269205 0.3954
269220 0.394535
269235 0.394892
269250 0.394948
269265 0.395772
269280 0.395689
269295 0.39457
269310 0.394034
269325 0.390024
269340 0.38645
269355 0.383437
269370 0.382213
269385 0.384293
269400 0.384956
269415 0.384581
269430 0.387375
269445 0.393545
269460 0.397344
269475 0.399492
269490 0.399853
269505 0.400788
269520 0.401874
269535 0.40334
269550 0.403275
269565 0.402218
269580 0.401855
269595 0.40492
269610 0.403561
269625 0.402285
269640 0.400275
269655 0.395498
269670 0.391822
269685 0.388036
269700 0.386644
269715 0.383244
269730 0.381283
269745 0.382715
269760 0.386317
269775 0.388918
269790 0.388199
269805 0.391706
269820 0.397411
269835 0.400804
269850 0.402866
269865 0.402855
269880 0.400997
269895 0.399072
269910 0.394623
269925 0.391623
269940 0.386646
269955 0.386667
269970 0.387763
269985 0.385697
270000 0.38491
