# Time-averaged data for fix msdDump
# TimeStep c_msdID[4]
285000 0
285015 0.101022
285030 0.201897
285045 0.27598
285060 0.340743
285075 0.396387
285090 0.442715
285105 0.4778
285120 0.500424
285135 0.515569
285150 0.524063
285165 0.525796
285180 0.522748
285195 0.514109
285210 0.503743
285225 0.494702
285240 0.485278
285255 0.47513
285270 0.465474
285285 0.457177
285300 0.450553
285315 0.445111
285330 0.443482
285345 0.441735
285360 0.440134
285375 0.439467
285390 0.440068
285405 0.440749
285420 0.444867
285435 0.449383
285450 0.455615
285465 0.460045
285480 0.461696
285495 0.462689
285510 0.46026
285525 0.458502
285540 0.458032
285555 0.456068
285570 0.453656
285585 0.447734
285600 0.442525
285615 0.43755
285630 0.43378
285645 0.43023
285660 0.428756
285675 0.43107
285690 0.431706
285705 0.431195
285720 0.431613
285735 0.433072
285750 0.434629
285765 0.436029
285780 0.436478
285795 0.43782
285810 0.437282
285825 0.43258
285840 0.431845
285855 0.429742
285870 0.430319
285885 0.432193
285900 0.432732
285915 0.433311
285930 0.432494
285945 0.432113
285960 0.429774
285975 0.428433
285990 0.427823
286005 0.428791
286020 0.43251
286035 0.435295
286050 0.437028
286065 0.440203
286080 0.442978
286095 0.447485
286110 0.452846
286125 0.456395
286140 0.460603
286155 0.462711
286170 0.460949
286185 0.458264
286200 0.457593
286215 0.457722
286230 0.456985
286245 0.456378
286260 0.455057
286275 0.458191
286290 0.458669
286305 0.458893
286320 0.458055
286335 0.458954
286350 0.458606
286365 0.459976
286380 0.459226
286395 0.455812
286410 0.45197
286425 0.448779
286440 0.448264
286455 0.44888
286470 0.448174
286485 0.445113
286500 0.440824
286515 0.437756
286530 0.434671
286545 0.432183
286560 0.429947
286575 0.430415
286590 0.432276
286605 0.435679
286620 0.43852
286635 0.439557
286650 0.443144
286665 0.444475
286680 0.447544
286695 0.451578
286710 0.451893
286725 0.450618
286740 0.447271
286755 0.443967
286770 0.441855
286785 0.439744
286800 0.439646
286815 0.441251
286830 0.44359
286845 0.444233
286860 0.443438
286875 0.442853
286890 0.441067
286905 0.441799
286920 0.43969
286935 0.435227
286950 0.43439
286965 0.43448
286980 0.434308
286995 0.435788
287010 0.436667
287025 0.43973
287040 0.442347
287055 0.444368
287070 0.447924
287085 0.45193
287100 0.454668
287115 0.45554
287130 0.457332
287145 0.460966
287160 0.461855
287175 0.46084
287190 0.458434
287205 0.456551
287220 0.456391
287235 0.455866
287250 0.456265
287265 0.454723
287280 0.450452
287295 0.446764
287310 0.443887
287325 0.441554
287340 0.436688
287355 0.432732
287370 0.42993
287385 0.42925
287400 0.427174
287415 0.427423
287430 0.4268
287445 0.424459
287460 0.424764
287475 0.427532
287490 0.431159
287505 0.434602
287520 0.437857
287535 0.441403
287550 0.443503
287565 0.445096
287580 0.44444
287595 0.443069
287610 0.440636
287625 0.437242
287640 0.435595
287655 0.436395
287670 0.438291
287685 0.436908
287700 0.437586
287715 0.438861
287730 0.44085
287745 0.442867
287760 0.446298
287775 0.448283
287790 0.45002
287805 0.451691
287820 0.452195
287835 0.453209
287850 0.452774
287865 0.450095
287880 0.446598
287895 0.445112
287910 0.443022
287925 0.441623
287940 0.441053
287955 0.438865
287970 0.438984
287985 0.442812
288000 0.446125
288015 0.446648
288030 0.4461
288045 0.445538
288060 0.446459
288075 0.447133
288090 0.447121
288105 0.445059
288120 0.444517
288135 0.4438
288150 0.441939
288165 0.439406
288180 0.437669
288195 0.436438
288210 0.436594
288225 0.435798
288240 0.43509
288255 0.432946
288270 0.429872
288285 0.428569
288300 0.430844
288315 0.43341
288330 0.435611
288345 0.438095
288360 0.441202
288375 0.442408
288390 0.442741
288405 0.442936
288420 0.443965
288435 0.444722
288450 0.444573
288465 0.44267
288480 0.440901
288495 0.440844
288510 0.440749
288525 0.44137
288540 0.441266
288555 0.441873
288570 0.440376
288585 0.437108
288600 0.436055
288615 0.4356
288630 0.434957
288645 0.435237
288660 0.434561
288675 0.436338
288690 0.435993
288705 0.436046
288720 0.437528
288735 0.438734
288750 0.440024
288765 0.442505
288780 0.445247
288795 0.449637
288810 0.453556
288825 0.455118
288840 0.45544
288855 0.456181
288870 0.45534
288885 0.453914
288900 0.454189
288915 0.4574
288930 0.456762
288945 0.455445
288960 0.454899
288975 0.45449
288990 0.456503
289005 0.455906
289020 0.453008
289035 0.450866
289050 0.449824
289065 0.447706
289080 0.44886
289095 0.450513
289110 0.451004
289125 0.450948
289140 0.450403
289155 0.451352
289170 0.453057
289185 0.453971
289200 0.452248
289215 0.448755
289230 0.444599
289245 0.443252
289260 0.440356
289275 0.440209
289290 0.440126
289305 0.438278
289320 0.435646
289335 0.438367
289350 0.44218
289365 0.445424
289380 0.446471
289395 0.446768
289410 0.447619
289425 0.450711
289440 0.448398
289455 0.446144
289470 0.444869
289485 0.442453
289500 0.441821
289515 0.440986
289530 0.439822
289545 0.440762
289560 0.439864
289575 0.440266
289590 0.442673
289605 0.44526
289620 0.446105
289635 0.44321
289650 0.440174
289665 0.439044
289680 0.438017
289695 0.440208
289710 0.439762
289725 0.439
289740 0.438794
289755 0.439979
289770 0.43968
289785 0.44013
289800 0.44152
289815 0.443347
289830 0.444578
289845 0.445024
289860 0.446685
289875 0.44914
289890 0.450604
289905 0.450011
289920 0.447901
289935 0.448455
289950 0.449432
289965 0.448196
289980 0.44525
289995 0.446579
290010 0.448313
290025 0.450841
290040 0.451798
290055 0.450246
290070 0.449018
290085 0.446497
290100 0.445306
290115 0.44385
290130 0.443415
290145 0.440837
290160 0.437825
290175 0.436976
290190 0.435642
290205 0.434476
290220 0.434251
290235 0.435297
290250 0.437714
290265 0.439694
290280 0.439094
290295 0.440424
290310 0.441981
290325 0.444381
290340 0.446255
290355 0.448405
290370 0.448197
290385 0.447208
290400 0.448718
290415 0.450977
290430 0.452902
290445 0.455068
290460 0.45593
290475 0.452619
290490 0.450929
290505 0.448188
290520 0.447894
290535 0.446453
290550 0.445077
290565 0.443435
290580 0.445165
290595 0.448861
290610 0.451983
290625 0.450561
290640 0.451311
290655 0.453005
290670 0.454282
290685 0.456828
290700 0.457004
290715 0.455577
290730 0.453025
290745 0.448471
290760 0.445528
290775 0.443849
290790 0.440753
290805 0.441407
290820 0.439847
290835 0.437061
290850 0.436878
290865 0.439515
290880 0.440804
290895 0.44137
290910 0.441173
290925 0.439163
290940 0.439576
290955 0.443543
290970 0.446835
290985 0.449864
291000 0.451229
291015 0.453117
291030 0.45429
291045 0.455195
291060 0.455022
291075 0.452207
291090 0.45055
291105 0.450207
291120 0.450373
291135 0.448697
291150 0.449988
291165 0.4483
291180 0.447156
291195 0.445419
291210 0.442756
291225 0.438645
291240 0.437423
291255 0.439977
291270 0.442639
291285 0.444106
291300 0.447331
291315 0.450972
291330 0.454324
291345 0.45674
291360 0.457842
291375 0.457828
291390 0.455875
291405 0.455762
291420 0.456188
291435 0.457528
291450 0.458233
291465 0.45966
291480 0.46082
291495 0.458893
291510 0.456084
291525 0.456428
291540 0.457366
291555 0.456948
291570 0.455714
291585 0.455709
291600 0.455137
291615 0.455756
291630 0.455018
291645 0.454947
291660 0.453274
291675 0.450791
291690 0.449088
291705 0.448671
291720 0.448727
291735 0.448089
291750 0.450473
291765 0.449416
291780 0.446247
291795 0.443082
291810 0.442187
291825 0.443962
291840 0.446421
291855 0.446656
291870 0.446244
291885 0.445617
291900 0.445698
291915 0.448463
291930 0.44888
291945 0.451045
291960 0.452345
291975 0.454134
291990 0.453479
292005 0.453175
292020 0.453167
292035 0.451232
292050 0.449611
292065 0.446842
292080 0.444241
292095 0.446947
292110 0.450851
292125 0.451433
292140 0.451572
292155 0.453316
292170 0.454056
292185 0.452641
292200 0.451343
292215 0.447942
292230 0.444141
292245 0.441743
292260 0.439285
292275 0.439198
292290 0.440956
292305 0.439855
292320 0.440025
292335 0.440683
292350 0.439872
292365 0.441244
292380 0.444329
292395 0.444899
292410 0.445982
292425 0.447007
292440 0.445583
292455 0.446103
292470 0.446043
292485 0.446637
292500 0.447234
292515 0.446491
292530 0.44592
292545 0.445357
292560 0.445628
292575 0.446373
292590 0.446943
292605 0.447098
292620 0.4486
292635 0.453814
292650 0.458211
292665 0.460006
292680 0.459133
292695 0.456308
292710 0.456309
292725 0.457399
292740 0.46022
292755 0.460858
292770 0.459333
292785 0.457436
292800 0.451936
292815 0.450181
292830 0.451772
292845 0.451508
292860 0.454076
292875 0.45625
292890 0.4567
292905 0.458957
292920 0.461979
292935 0.463366
292950 0.463142
292965 0.462787
292980 0.460488
292995 0.458039
293010 0.459807
293025 0.461345
293040 0.459681
293055 0.456602
293070 0.453417
293085 0.450825
293100 0.447597
293115 0.446957
293130 0.445894
293145 0.445753
293160 0.44826
293175 0.449891
293190 0.450102
293205 0.449991
293220 0.45005
293235 0.45231
293250 0.455269
293265 0.455866
293280 0.451369
293295 0.44711
293310 0.448782
293325 0.452433
293340 0.453529
293355 0.45287
293370 0.452775
293385 0.453239
293400 0.454307
293415 0.457214
293430 0.457871
293445 0.456253
293460 0.456175
293475 0.454067
293490 0.452961
293505 0.451134
293520 0.448865
293535 0.44587
293550 0.443836
293565 0.443315
293580 0.44332
293595 0.446764
293610 0.449378
293625 0.449994
293640 0.452809
293655 0.457907
293670 0.461836
293685 0.46216
293700 0.465499
293715 0.468224
293730 0.470031
293745 0.469331
293760 0.464279
293775 0.461382
293790 0.459074
293805 0.457178
293820 0.458611
293835 0.458138
293850 0.45913
293865 0.459116
293880 0.459083
293895 0.458333
293910 0.456371
293925 0.455563
293940 0.454934
293955 0.453181
293970 0.452603
293985 0.451715
294000 0.451049
294015 0.451859
294030 0.452096
294045 0.450652
294060 0.448948
294075 0.448126
294090 0.44619
294105 0.446531
294120 0.448077
294135 0.450788
294150 0.452681
294165 0.45361
294180 0.453687
294195 0.452204
294210 0.451987
294225 0.451675
294240 0.450831
294255 0.448887
294270 0.44528
294285 0.443331
294300 0.444134
294315 0.44357
294330 0.44298
294345 0.442215
294360 0.444134
294375 0.445788
294390 0.446051
294405 0.446867
294420 0.449786
294435 0.451526
294450 0.453513
294465 0.452319
294480 0.45205
294495 0.45263
294510 0.450761
294525 0.449754
294540 0.448466
294555 0.449697
294570 0.452422
294585 0.455447
294600 0.455352
294615 0.454293
294630 0.453876
294645 0.452181
294660 0.453047
294675 0.45361
294690 0.45455
294705 0.453795
294720 0.452177
294735 0.451376
294750 0.450197
294765 0.448084
294780 0.446433
294795 0.447489
294810 0.448986
294825 0.44848
294840 0.447717
294855 0.446693
294870 0.445943
294885 0.445018
294900 0.443696
294915 0.444989
294930 0.444138
294945 0.444785
294960 0.44305
294975 0.4403
294990 0.440869
295005 0.439632
295020 0.440087
295035 0.439843
295050 0.439834
295065 0.443004
295080 0.446209
295095 0.449451
295110 0.451292
295125 0.451743
295140 0.452303
295155 0.452497
295170 0.451326
295185 0.448725
295200 0.448528
295215 0.443794
295230 0.442496
295245 0.441397
295260 0.440402
295275 0.441803
295290 0.442275
295305 0.442201
295320 0.440547
295335 0.440789
295350 0.444084
295365 0.445875
295380 0.448133
295395 0.451219
295410 0.450174
295425 0.448717
295440 0.447695
295455 0.446347
295470 0.446742
295485 0.447989
295500 0.450961
295515 0.454459
295530 0.457802
295545 0.459691
295560 0.458602
295575 0.455877
295590 0.452037
295605 0.446096
295620 0.444451
295635 0.444529
295650 0.444811
295665 0.44323
295680 0.443853
295695 0.444419
295710 0.443659
295725 0.439185
295740 0.435468
295755 0.433369
295770 0.430105
295785 0.429293
295800 0.430411
295815 0.431596
295830 0.433877
295845 0.436978
295860 0.440383
295875 0.441073
295890 0.445026
295905 0.447159
295920 0.449039
295935 0.452683
295950 0.455258
295965 0.453252
295980 0.455012
295995 0.456613
296010 0.457049
296025 0.456411
296040 0.455292
296055 0.454931
296070 0.452939
296085 0.451372
296100 0.450592
296115 0.45034
296130 0.44944
296145 0.447474
296160 0.447817
296175 0.449068
296190 0.450952
296205 0.452447
296220 0.456028
296235 0.459284
296250 0.461323
296265 0.463753
296280 0.466399
296295 0.468092
296310 0.467118
296325 0.469295
296340 0.47067
296355 0.469908
296370 0.469206
296385 0.469537
296400 0.470989
296415 0.472397
296430 0.472674
296445 0.471071
296460 0.470798
296475 0.470767
296490 0.469948
296505 0.468743
296520 0.469993
296535 0.470533
296550 0.470764
296565 0.471801
296580 0.470119
296595 0.465707
296610 0.460073
296625 0.456185
296640 0.454321
296655 0.454453
296670 0.455549
296685 0.455355
296700 0.454534
296715 0.455167
296730 0.454312
296745 0.454549
296760 0.453851
296775 0.456598
296790 0.458246
296805 0.459682
296820 0.458345
296835 0.454072
296850 0.454097
296865 0.455455
296880 0.454695
296895 0.453714
296910 0.454513
296925 0.455659
296940 0.455405
296955 0.456119
296970 0.456182
296985 0.457077
297000 0.458598
297015 0.45798
297030 0.459504
297045 0.45852
297060 0.456708
297075 0.455116
297090 0.454105
297105 0.451518
297120 0.447519
297135 0.444315
297150 0.442661
297165 0.442471
297180 0.444043
297195 0.446787
297210 0.449086
297225 0.449639
297240 0.451198
297255 0.452259
297270 0.452583
297285 0.454116
297300 0.454085
297315 0.454586
297330 0.455965
297345 0.456121
297360 0.457034
297375 0.455037
297390 0.452899
297405 0.450247
297420 0.447219
297435 0.447339
297450 0.449194
297465 0.448526
297480 0.44926
297495 0.450724
297510 0.45043
297525 0.452288
297540 0.450822
297555 0.44954
297570 0.449287
297585 0.449519
297600 0.44888
297615 0.449816
297630 0.448615
297645 0.447704
297660 0.446482
297675 0.449569
297690 0.453752
297705 0.455843
297720 0.458906
297735 0.462199
297750 0.464119
297765 0.466505
297780 0.4675
297795 0.469393
297810 0.47133
297825 0.471663
297840 0.46842
297855 0.464319
297870 0.460566
297885 0.458386
297900 0.457242
297915 0.457382
297930 0.457409
297945 0.456702
297960 0.455351
297975 0.454502
297990 0.452992
298005 0.452564
298020 0.453745
298035 0.454085
298050 0.453087
298065 0.454043
298080 0.454746
298095 0.456591
298110 0.458224
298125 0.458009
298140 0.458245
298155 0.455956
298170 0.451683
298185 0.448789
298200 0.445847
298215 0.44416
298230 0.443329
298245 0.442659
298260 0.44433
298275 0.444916
298290 0.44471
298305 0.442939
298320 0.445596
298335 0.447671
298350 0.446199
298365 0.444041
298380 0.443364
298395 0.444492
298410 0.444849
298425 0.445898
298440 0.448925
298455 0.451087
298470 0.454626
298485 0.4571
298500 0.45603
298515 0.456135
298530 0.453692
298545 0.452992
298560 0.452629
298575 0.454899
298590 0.455107
298605 0.455197
298620 0.454768
298635 0.453724
298650 0.452929
298665 0.451811
298680 0.452346
298695 0.454094
298710 0.457614
298725 0.459994
298740 0.460704
298755 0.463601
298770 0.464091
298785 0.460821
298800 0.461433
298815 0.461501
298830 0.461768
298845 0.463429
298860 0.465641
298875 0.467291
298890 0.467757
298905 0.466654
298920 0.467502
298935 0.466845
298950 0.4647
298965 0.461016
298980 0.460322
298995 0.455747
299010 0.453088
299025 0.450311
299040 0.44976
299055 0.446777
299070 0.44166
299085 0.438827
299100 0.436148
299115 0.434605
299130 0.434382
299145 0.433858
299160 0.435267
299175 0.437061
299190 0.437169
299205 0.4367
299220 0.439236
299235 0.443675
299250 0.445422
299265 0.449281
299280 0.450915
299295 0.451398
299310 0.44962
299325 0.448852
299340 0.446887
299355 0.445695
299370 0.444588
299385 0.445929
299400 0.445609
299415 0.446736
299430 0.448038
299445 0.44772
299460 0.446063
299475 0.444792
299490 0.443885
299505 0.443405
299520 0.44364
299535 0.444283
299550 0.444977
299565 0.446675
299580 0.448446
299595 0.449525
299610 0.451564
299625 0.451932
299640 0.455248
299655 0.457004
299670 0.456988
299685 0.459497
299700 0.460791
299715 0.459762
299730 0.457957
299745 0.456324
299760 0.456425
299775 0.456479
299790 0.455956
299805 0.453406
299820 0.451456
299835 0.45063
299850 0.450529
299865 0.447681
299880 0.445996
299895 0.446435
299910 0.448535
299925 0.451357
299940 0.456029
299955 0.458502
299970 0.460655
299985 0.462305
300000 0.463026
