# Time-averaged data for fix msdDump
# TimeStep c_msdID[4]
525000 0
525015 0.171404
525030 0.397741
525045 0.604706
525060 0.801889
525075 0.973891
525090 1.12886
525105 1.27746
525120 1.41208
525135 1.5351
525150 1.65477
525165 1.77035
525180 1.87992
525195 1.98344
525210 2.08454
525225 2.18319
525240 2.27614
525255 2.38156
525270 2.4803
525285 2.57505
525300 2.6745
525315 2.77352
525330 2.87008
525345 2.96887
525360 3.07748
525375 3.18341
525390 3.28045
525405 3.37094
525420 3.46988
525435 3.57319
525450 3.66906
525465 3.75276
525480 3.83947
525495 3.92586
525510 4.012
525525 4.10319
525540 4.18341
525555 4.26991
525570 4.36198
525585 4.45101
525600 4.53046
525615 4.61649
525630 4.70468
525645 4.79336
525660 4.88796
525675 4.98096
525690 5.07013
525705 5.15055
525720 5.23554
525735 5.32984
525750 5.41516
525765 5.49227
525780 5.57606
525795 5.66726
525810 5.76478
525825 5.86867
525840 5.96572
525855 6.0578
525870 6.13318
525885 6.20697
525900 6.28048
525915 6.36321
525930 6.44732
525945 6.54577
525960 6.6369
525975 6.7203
525990 6.80176
526005 6.88387
526020 6.98138
526035 7.08292
526050 7.18731
526065 7.28365
526080 7.37255
526095 7.46445
526110 7.54913
526125 7.65431
526140 7.74544
526155 7.84075
526170 7.94835
526185 8.0448
526200 8.13344
526215 8.2299
526230 8.3477
526245 8.44575
526260 8.53599
526275 8.62979
526290 8.72501
526305 8.81188
526320 8.89792
526335 9.00347
526350 9.09376
526365 9.17753
526380 9.24508
526395 9.32496
526410 9.41463
526425 9.53224
526440 9.65489
526455 9.76982
526470 9.86572
526485 9.9537
526500 10.0491
526515 10.14
526530 10.2295
526545 10.3293
526560 10.4281
526575 10.5092
526590 10.5911
526605 10.6829
526620 10.7637
526635 10.8479
526650 10.9434
526665 11.0467
526680 11.1385
526695 11.2126
526710 11.2812
526725 11.3464
526740 11.4214
526755 11.4995
526770 11.5776
526785 11.6639
526800 11.7579
526815 11.8457
526830 11.9307
526845 12.0177
526860 12.0941
526875 12.1871
526890 12.2927
526905 12.3947
526920 12.4935
526935 12.5887
526950 12.6685
526965 12.7599
526980 12.8346
526995 12.935
527010 13.0464
527025 13.153
527040 13.2306
527055 13.3121
527070 13.4108
527085 13.5031
527100 13.6191
527115 13.7134
527130 13.7869
527145 13.8578
527160 13.9563
527175 14.0479
527190 14.1429
527205 14.2268
527220 14.3138
527235 14.4017
527250 14.4916
527265 14.5717
527280 14.6446
527295 14.7155
527310 14.774
527325 14.8471
527340 14.9327
527355 15.0044
527370 15.0988
527385 15.1909
527400 15.2986
527415 15.41
527430 15.5142
527445 15.6157
527460 15.7067
527475 15.8039
527490 15.9097
527505 16.0111
527520 16.0926
527535 16.1836
527550 16.2644
527565 16.3432
527580 16.416
527595 16.5166
527610 16.6178
527625 16.7037
527640 16.7938
527655 16.9116
527670 17.0216
527685 17.1361
527700 17.2306
527715 17.3155
527730 17.4072
527745 17.4787
527760 17.5385
527775 17.6127
527790 17.6842
527805 17.7749
527820 17.8599
527835 17.9614
527850 18.0416
527865 18.123
527880 18.2151
527895 18.292
527910 18.3902
527925 18.4785
527940 18.5586
527955 18.656
527970 18.746
527985 18.8114
528000 18.8923
528015 18.9625
528030 19.0228
528045 19.0799
528060 19.1646
528075 19.2205
528090 19.3119
528105 19.3971
528120 19.4855
528135 19.593
528150 19.6846
528165 19.7778
528180 19.8674
528195 19.9566
528210 20.0384
528225 20.1311
528240 20.2414
528255 20.3292
528270 20.412
528285 20.4989
528300 20.5956
528315 20.6811
528330 20.7762
528345 20.8488
528360 20.9229
528375 21.022
528390 21.1022
528405 21.192
528420 21.2653
528435 21.3207
528450 21.411
528465 21.516
528480 21.5945
528495 21.6691
528510 21.7644
528525 21.8291
528540 21.8936
528555 21.9631
528570 22.0447
528585 22.1557
528600 22.2645
528615 22.353
528630 22.4346
528645 22.5405
528660 22.6437
528675 22.7093
528690 22.7662
528705 22.8474
528720 22.9496
528735 23.0225
528750 23.1067
528765 23.1867
528780 23.286
528795 23.4033
528810 23.5364
528825 23.6591
528840 23.7509
528855 23.8281
528870 23.8921
528885 23.9738
528900 24.0611
528915 24.1751
528930 24.2887
528945 24.3679
528960 24.4853
528975 24.5962
528990 24.7054
529005 24.7814
529020 24.843
529035 24.9129
529050 25.0214
529065 25.1264
529080 25.2042
529095 25.2678
529110 25.3682
529125 25.4762
529140 25.5675
529155 25.6262
529170 25.689
529185 25.7662
529200 25.861
529215 25.9563
529230 26.0407
529245 26.1328
529260 26.236
529275 26.3293
529290 26.4245
529305 26.5154
529320 26.6127
529335 26.6986
529350 26.7908
529365 26.8785
529380 26.9537
529395 27.0055
529410 27.0821
529425 27.1845
529440 27.2903
529455 27.3882
529470 27.4426
529485 27.5254
529500 27.6109
529515 27.7089
529530 27.777
529545 27.8701
529560 27.9837
529575 28.0597
529590 28.1425
529605 28.2407
529620 28.3268
529635 28.4068
529650 28.5151
529665 28.6122
529680 28.6836
529695 28.7839
529710 28.8774
529725 28.9893
529740 29.0912
529755 29.1806
529770 29.2814
529785 29.3658
529800 29.4322
529815 29.4922
529830 29.561
529845 29.6101
529860 29.6838
529875 29.7729
529890 29.8488
529905 29.9346
529920 30.0138
529935 30.1193
529950 30.1926
529965 30.2758
529980 30.3849
529995 30.4558
530010 30.5401
530025 30.6512
530040 30.7118
530055 30.7679
530070 30.8294
530085 30.8878
530100 30.9679
530115 31.0726
530130 31.1837
530145 31.2672
530160 31.3659
530175 31.4654
530190 31.5884
530205 31.67
530220 31.7314
530235 31.8201
530250 31.8803
530265 31.9664
530280 32.062
530295 32.1564
530310 32.2388
530325 32.3084
530340 32.3971
530355 32.4781
530370 32.5782
530385 32.6795
530400 32.7555
530415 32.8197
530430 32.9116
530445 33.0152
530460 33.0889
530475 33.1685
530490 33.2435
530505 33.3375
530520 33.4072
530535 33.5053
530550 33.5857
530565 33.6758
530580 33.7638
530595 33.8608
530610 33.9259
530625 34.0006
530640 34.0807
530655 34.1494
530670 34.2354
530685 34.3202
530700 34.3757
530715 34.4821
530730 34.5868
530745 34.6848
530760 34.7871
530775 34.8858
530790 35.0083
530805 35.0752
530820 35.1798
530835 35.2767
530850 35.3473
530865 35.3957
530880 35.4547
530895 35.5204
530910 35.5523
530925 35.6411
530940 35.767
530955 35.8506
530970 35.9179
530985 35.9726
531000 36.0373
531015 36.0879
531030 36.1414
531045 36.2089
531060 36.2896
531075 36.4042
531090 36.501
531105 36.5939
531120 36.691
531135 36.789
531150 36.8981
531165 37.0034
531180 37.1107
531195 37.2234
531210 37.3291
531225 37.4092
531240 37.4829
531255 37.6043
531270 37.6751
531285 37.747
531300 37.8578
531315 37.9533
531330 38.0734
531345 38.2103
531360 38.3516
531375 38.4644
531390 38.554
531405 38.6278
531420 38.7458
531435 38.8331
531450 38.9363
531465 39.0436
531480 39.1492
531495 39.2449
531510 39.3656
531525 39.4894
531540 39.5642
531555 39.6474
531570 39.7429
531585 39.8254
531600 39.9357
531615 40.0334
531630 40.1226
531645 40.2005
531660 40.2577
531675 40.3747
531690 40.4781
531705 40.5682
531720 40.6521
531735 40.7063
531750 40.7773
531765 40.9021
531780 41.0194
531795 41.1055
531810 41.1687
531825 41.2122
531840 41.3029
531855 41.3705
531870 41.4335
531885 41.5231
531900 41.6128
531915 41.7239
531930 41.8197
531945 41.9252
531960 42.0318
531975 42.1068
531990 42.1859
532005 42.2835
532020 42.3336
532035 42.3978
532050 42.4696
532065 42.5455
532080 42.6633
532095 42.7924
532110 42.9195
532125 42.9969
532140 43.073
532155 43.1847
532170 43.257
532185 43.3527
532200 43.444
532215 43.5413
532230 43.6296
532245 43.752
532260 43.8534
532275 43.9522
532290 44.0549
532305 44.1377
532320 44.2264
532335 44.3343
532350 44.4007
532365 44.4694
532380 44.5026
532395 44.551
532410 44.6114
532425 44.6885
532440 44.7722
532455 44.8811
532470 44.9831
532485 45.092
532500 45.1713
532515 45.2759
532530 45.3995
532545 45.5213
532560 45.636
532575 45.7511
532590 45.8633
532605 45.9313
532620 45.9859
532635 46.0392
532650 46.1083
532665 46.1493
532680 46.2107
532695 46.3072
532710 46.42
532725 46.5058
532740 46.5923
532755 46.7074
532770 46.8091
532785 46.9022
532800 46.9931
532815 47.0567
532830 47.1496
532845 47.2792
532860 47.3921
532875 47.5169
532890 47.5967
532905 47.6782
532920 47.7637
532935 47.8612
532950 47.9493
532965 48.0227
532980 48.1178
532995 48.2072
533010 48.3035
533025 48.4028
533040 48.524
533055 48.6329
533070 48.7107
533085 48.7505
533100 48.7956
533115 48.8531
533130 48.9327
533145 48.9978
533160 49.0857
533175 49.1454
533190 49.1882
533205 49.2501
533220 49.3169
533235 49.4157
533250 49.5172
533265 49.6083
533280 49.6965
533295 49.8272
533310 49.967
533325 50.0587
533340 50.1362
533355 50.2035
533370 50.3137
533385 50.4125
533400 50.5088
533415 50.6021
533430 50.6922
533445 50.7712
533460 50.8839
533475 50.9995
533490 51.1288
533505 51.2258
533520 51.3523
533535 51.4424
533550 51.5306
533565 51.6095
533580 51.6892
533595 51.7432
533610 51.7876
533625 51.8528
533640 51.9377
533655 52.0333
533670 52.1201
533685 52.1634
533700 52.2765
533715 52.3636
533730 52.4445
533745 52.5383
533760 52.6224
533775 52.7
533790 52.7511
533805 52.8115
533820 52.8531
533835 52.935
533850 53.0405
533865 53.1156
533880 53.2037
533895 53.2518
533910 53.3199
533925 53.4213
533940 53.5262
533955 53.6415
533970 53.7678
533985 53.8874
534000 53.9511
534015 54.0422
534030 54.0882
534045 54.1874
534060 54.2456
534075 54.2832
534090 54.3391
534105 54.4033
534120 54.4926
534135 54.5851
534150 54.6986
534165 54.8218
534180 54.9463
534195 55.0685
534210 55.1888
534225 55.3419
534240 55.4666
534255 55.5231
534270 55.598
534285 55.6665
534300 55.7572
534315 55.8658
534330 55.9608
534345 56.0409
534360 56.1349
534375 56.2152
534390 56.3127
534405 56.3735
534420 56.4245
534435 56.5178
534450 56.5868
534465 56.6781
534480 56.8235
534495 56.9337
534510 57.0219
534525 57.0515
534540 57.1258
534555 57.2099
534570 57.2903
534585 57.3713
534600 57.4593
534615 57.5328
534630 57.6311
534645 57.7428
534660 57.8062
534675 57.8641
534690 57.9559
534705 58.0243
534720 58.1015
534735 58.243
534750 58.2954
534765 58.3503
534780 58.407
534795 58.4661
534810 58.5175
534825 58.6298
534840 58.7467
534855 58.8305
534870 58.9301
534885 59.0145
534900 59.1085
534915 59.2329
534930 59.337
534945 59.4135
534960 59.4869
534975 59.5833
534990 59.6699
535005 59.7383
535020 59.8204
535035 59.938
535050 60.0403
535065 60.1522
535080 60.2439
535095 60.3871
535110 60.4539
535125 60.5531
535140 60.6373
535155 60.7696
535170 60.8839
535185 60.9597
535200 61.0616
535215 61.1633
535230 61.2641
535245 61.3557
535260 61.4432
535275 61.5322
535290 61.63
535305 61.6991
535320 61.7432
535335 61.827
535350 61.8966
535365 61.9855
535380 62.073
535395 62.1568
535410 62.2607
535425 62.3878
535440 62.493
535455 62.5388
535470 62.664
535485 62.8188
535500 62.9168
535515 62.9905
535530 63.1049
535545 63.2163
535560 63.329
535575 63.44
535590 63.5066
535605 63.5979
535620 63.7058
535635 63.8606
535650 63.9799
535665 64.0912
535680 64.2087
535695 64.3275
535710 64.4449
535725 64.5371
535740 64.6449
535755 64.7329
535770 64.8101
535785 64.9232
535800 65.0139
535815 65.1354
535830 65.2116
535845 65.3341
535860 65.4073
535875 65.4981
535890 65.5796
535905 65.6902
535920 65.7635
535935 65.7931
535950 65.8337
535965 65.9171
535980 66.029
535995 66.1033
536010 66.1768
536025 66.2581
536040 66.371
536055 66.4997
536070 66.6114
536085 66.7048
536100 66.7739
536115 66.8352
536130 66.8878
536145 66.9891
536160 67.052
536175 67.1676
536190 67.2588
536205 67.3088
536220 67.377
536235 67.4263
536250 67.5086
536265 67.6079
536280 67.6959
536295 67.7728
536310 67.8202
536325 67.8871
536340 68.0147
536355 68.1256
536370 68.2405
536385 68.3587
536400 68.4856
536415 68.6085
536430 68.6653
536445 68.7145
536460 68.7604
536475 68.8397
536490 68.9042
536505 69.0238
536520 69.1576
536535 69.2271
536550 69.2987
536565 69.392
536580 69.4545
536595 69.5476
536610 69.6398
536625 69.7046
536640 69.7372
536655 69.7887
536670 69.8753
536685 69.9656
536700 70.0777
536715 70.1403
536730 70.2261
536745 70.3269
536760 70.4484
536775 70.558
536790 70.6419
536805 70.7164
536820 70.8173
536835 70.9158
536850 70.9823
536865 71.048
536880 71.1422
536895 71.2439
536910 71.3213
536925 71.4442
536940 71.5238
536955 71.6216
536970 71.6866
536985 71.7944
537000 71.9052
537015 71.9892
537030 72.0602
537045 72.1197
537060 72.1865
537075 72.23
537090 72.3134
537105 72.3719
537120 72.4408
537135 72.5084
537150 72.5827
537165 72.636
537180 72.7465
537195 72.8271
537210 72.9379
537225 73.0516
537240 73.1431
537255 73.2146
537270 73.3112
537285 73.3878
537300 73.4997
537315 73.5883
537330 73.6563
537345 73.7328
537360 73.8495
537375 73.9861
537390 74.122
537405 74.236
537420 74.3673
537435 74.4787
537450 74.5652
537465 74.6417
537480 74.7051
537495 74.7699
537510 74.8689
537525 74.9171
537540 74.9757
537555 75.0509
537570 75.1402
537585 75.2147
537600 75.2542
537615 75.3354
537630 75.3878
537645 75.4501
537660 75.6021
537675 75.6815
537690 75.7805
537705 75.8138
537720 75.8603
537735 75.8799
537750 75.9644
537765 76.0023
537780 76.0684
537795 76.1451
537810 76.2291
537825 76.3125
537840 76.3839
537855 76.4875
537870 76.5519
537885 76.6134
537900 76.7053
537915 76.7784
537930 76.8248
537945 76.9278
537960 77.0073
537975 77.0917
537990 77.209
538005 77.2866
538020 77.2877
538035 77.3843
538050 77.4809
538065 77.5385
538080 77.5754
538095 77.626
538110 77.6994
538125 77.7467
538140 77.8264
538155 77.8908
538170 77.9836
538185 78.0302
538200 78.1095
538215 78.2402
538230 78.3306
538245 78.4644
538260 78.5716
538275 78.7002
538290 78.8415
538305 78.8928
538320 78.9307
538335 79.0618
538350 79.1798
538365 79.3044
538380 79.4648
538395 79.5957
538410 79.6709
538425 79.7177
538440 79.7796
538455 79.8364
538470 79.8941
538485 79.9449
538500 80.0418
538515 80.1713
538530 80.3043
538545 80.3796
538560 80.4531
538575 80.5511
538590 80.6176
538605 80.667
538620 80.7387
538635 80.8301
538650 80.9216
538665 81.0115
538680 81.1196
538695 81.2377
538710 81.3552
538725 81.4679
538740 81.5713
538755 81.6491
538770 81.6994
538785 81.7901
538800 81.8716
538815 81.9336
538830 82.0491
538845 82.198
538860 82.2563
538875 82.3685
538890 82.4604
538905 82.5488
538920 82.658
538935 82.7707
538950 82.8643
538965 82.9795
538980 83.1006
538995 83.2048
539010 83.3218
539025 83.4171
539040 83.5217
539055 83.5736
539070 83.7272
539085 83.8243
539100 83.9012
539115 83.9887
539130 84.0557
539145 84.1349
539160 84.2064
539175 84.2913
539190 84.361
539205 84.4497
539220 84.5524
539235 84.618
539250 84.6785
539265 84.7184
539280 84.7636
539295 84.8233
539310 84.8976
539325 84.9983
539340 85.0806
539355 85.2142
539370 85.3164
539385 85.431
539400 85.5119
539415 85.6016
539430 85.6402
539445 85.7343
539460 85.8153
539475 85.9254
539490 86.0388
539505 86.1296
539520 86.2631
539535 86.3722
539550 86.4528
539565 86.4933
539580 86.5543
539595 86.634
539610 86.718
539625 86.8413
539640 86.9409
539655 87.0491
539670 87.1854
539685 87.2928
539700 87.4522
539715 87.5743
539730 87.678
539745 87.7589
539760 87.7892
539775 87.8625
539790 87.9601
539805 88.0536
539820 88.1499
539835 88.2732
539850 88.3874
539865 88.5232
539880 88.6046
539895 88.7044
539910 88.7463
539925 88.8118
539940 88.8915
539955 88.9842
539970 89.1088
539985 89.2254
540000 89.3741
