# Time-averaged data for fix msdDump
# TimeStep c_msdID[4]
3000 0
3001 0.000298254
3002 0.00117237
3003 0.00256091
3004 0.00436831
3005 0.00647613
3006 0.00876037
3007 0.0111122
3008 0.0134507
3009 0.015724
3010 0.0179065
3011 0.0199957
3012 0.0220054
3013 0.0239567
3014 0.025871
3015 0.027761
3016 0.0296266
3017 0.0314555
3018 0.0332288
3019 0.0349247
3020 0.0365229
3021 0.0380095
3022 0.0393824
3023 0.0406577
3024 0.0418731
3025 0.0430814
3026 0.0443363
3027 0.0456781
3028 0.0471253
3029 0.0486726
3030 0.0502952
3031 0.0519541
3032 0.0536032
3033 0.0551967
3034 0.0566976
3035 0.0580848
3036 0.0593569
3037 0.0605305
3038 0.0616354
3039 0.0627101
3040 0.0637935
3041 0.0649179
3042 0.0661071
3043 0.0673771
3044 0.0687326
3045 0.0701631
3046 0.0716444
3047 0.0731423
3048 0.074618
3049 0.0760331
3050 0.077356
3051 0.0785686
3052 0.07967
3053 0.080676
3054 0.0816151
3055 0.0825214
3056 0.083427
3057 0.0843595
3058 0.0853399
3059 0.0863792
3060 0.0874748
3061 0.0886127
3062 0.089772
3063 0.0909318
3064 0.0920765
3065 0.093199
3066 0.0942983
3067 0.0953751
3068 0.0964303
3069 0.0974667
3070 0.0984898
3071 0.0995036
3072 0.100508
3073 0.101499
3074 0.10247
3075 0.103412
3076 0.104316
3077 0.105175
3078 0.105978
3079 0.106719
3080 0.107393
3081 0.108001
3082 0.108552
3083 0.109066
3084 0.109564
3085 0.110065
3086 0.110581
3087 0.111119
3088 0.111679
3089 0.112258
3090 0.112849
3091 0.113442
3092 0.114029
3093 0.114603
3094 0.115158
3095 0.115686
3096 0.116185
3097 0.116657
3098 0.117109
3099 0.117552
3100 0.117993
3101 0.118435
3102 0.118878
3103 0.119321
3104 0.11977
3105 0.120227
3106 0.120689
3107 0.121145
3108 0.121581
3109 0.121984
3110 0.122347
3111 0.122666
3112 0.12294
3113 0.123173
3114 0.123374
3115 0.123552
3116 0.123719
3117 0.123882
3118 0.124052
3119 0.124246
3120 0.124477
3121 0.124754
3122 0.125072
3123 0.12542
3124 0.125784
3125 0.126149
3126 0.126504
3127 0.126834
3128 0.127128
3129 0.12738
3130 0.127592
3131 0.127774
3132 0.127941
3133 0.128107
3134 0.128283
3135 0.128471
3136 0.128665
3137 0.128853
3138 0.129024
3139 0.129165
3140 0.129269
3141 0.129334
3142 0.129366
3143 0.129376
3144 0.129376
3145 0.129378
3146 0.129391
3147 0.129424
3148 0.129483
3149 0.12957
3150 0.129686
3151 0.129831
3152 0.130001
3153 0.130182
3154 0.130357
3155 0.13051
3156 0.130635
3157 0.130737
3158 0.130827
3159 0.130915
3160 0.130999
3161 0.13108
3162 0.131167
3163 0.131275
3164 0.131415
3165 0.131591
3166 0.131792
3167 0.132006
3168 0.132212
3169 0.132392
3170 0.132532
3171 0.132627
3172 0.132685
3173 0.132711
3174 0.132707
3175 0.132674
3176 0.132618
3177 0.132547
3178 0.132473
3179 0.132405
3180 0.132349
3181 0.132308
3182 0.13228
3183 0.132254
3184 0.132221
3185 0.132176
3186 0.132118
3187 0.132049
3188 0.131969
3189 0.131875
3190 0.131767
3191 0.131647
3192 0.131516
3193 0.131373
3194 0.131217
3195 0.131043
3196 0.130849
3197 0.130629
3198 0.130377
3199 0.130094
3200 0.129785
3201 0.129464
3202 0.129139
3203 0.128817
3204 0.128504
3205 0.128208
3206 0.12794
3207 0.12771
3208 0.127518
3209 0.127358
3210 0.127218
3211 0.12709
3212 0.126973
3213 0.126867
3214 0.126774
3215 0.126685
3216 0.126594
3217 0.126494
3218 0.126379
3219 0.126248
3220 0.126102
3221 0.125944
3222 0.125777
3223 0.125605
3224 0.12543
3225 0.125256
3226 0.125087
3227 0.124925
3228 0.124771
3229 0.124621
3230 0.124472
3231 0.124327
3232 0.124188
3233 0.124057
3234 0.123939
3235 0.123834
3236 0.123748
3237 0.123683
3238 0.123639
3239 0.123612
3240 0.123597
3241 0.123587
3242 0.123577
3243 0.123561
3244 0.123536
3245 0.123502
3246 0.123458
3247 0.123401
3248 0.12333
3249 0.123242
3250 0.123136
3251 0.123012
3252 0.122871
3253 0.122718
3254 0.122552
3255 0.122374
3256 0.122183
3257 0.121978
3258 0.121758
3259 0.121523
3260 0.121278
3261 0.12103
3262 0.120794
3263 0.120579
3264 0.120395
3265 0.120244
3266 0.120134
3267 0.12007
3268 0.120055
3269 0.120076
3270 0.120113
3271 0.120146
3272 0.120163
3273 0.120161
3274 0.120143
3275 0.12012
3276 0.1201
3277 0.120086
3278 0.120086
3279 0.120102
3280 0.120139
3281 0.120201
3282 0.12029
3283 0.120404
3284 0.120531
3285 0.120658
3286 0.120777
3287 0.120885
3288 0.120984
3289 0.121073
3290 0.121148
3291 0.121207
3292 0.121251
3293 0.12128
3294 0.121296
3295 0.121297
3296 0.121281
3297 0.121248
3298 0.121191
3299 0.121106
3300 0.120991
3301 0.120852
3302 0.120705
3303 0.120567
3304 0.120444
3305 0.120337
3306 0.120238
3307 0.120147
3308 0.120069
3309 0.12001
3310 0.11997
3311 0.119943
3312 0.119922
3313 0.119903
3314 0.119883
3315 0.119862
3316 0.119837
3317 0.119811
3318 0.119793
3319 0.119788
3320 0.119797
3321 0.119816
3322 0.119844
3323 0.119885
3324 0.119944
3325 0.120022
3326 0.120112
3327 0.120202
3328 0.120284
3329 0.120354
3330 0.120413
3331 0.120467
3332 0.120511
3333 0.120537
3334 0.120534
3335 0.120502
3336 0.120446
3337 0.120373
3338 0.120291
3339 0.120203
3340 0.120115
3341 0.120028
3342 0.119945
3343 0.119865
3344 0.119788
3345 0.119715
3346 0.119651
3347 0.119598
3348 0.119557
3349 0.119524
3350 0.119491
3351 0.119457
3352 0.11942
3353 0.119389
3354 0.119371
3355 0.119375
3356 0.1194
3357 0.11944
3358 0.119487
3359 0.119541
3360 0.119602
3361 0.119668
3362 0.119741
3363 0.119821
3364 0.119911
3365 0.120009
3366 0.120109
3367 0.120204
3368 0.120293
3369 0.120377
3370 0.120458
3371 0.120532
3372 0.120596
3373 0.120647
3374 0.120685
3375 0.120712
3376 0.120729
3377 0.120735
3378 0.120727
3379 0.120708
3380 0.120687
3381 0.120673
3382 0.120673
3383 0.12069
3384 0.120724
3385 0.120771
3386 0.120834
3387 0.120915
3388 0.121015
3389 0.121138
3390 0.121285
3391 0.121458
3392 0.121652
3393 0.121859
3394 0.122067
3395 0.122272
3396 0.122477
3397 0.122683
3398 0.122888
3399 0.123086
3400 0.123272
3401 0.123446
3402 0.123611
3403 0.123768
3404 0.12392
3405 0.124071
3406 0.124227
3407 0.124395
3408 0.124574
3409 0.124762
3410 0.124953
3411 0.125147
3412 0.125352
3413 0.12557
3414 0.125794
3415 0.126015
3416 0.126229
3417 0.126437
3418 0.126647
3419 0.126858
3420 0.127066
3421 0.127259
3422 0.12743
3423 0.127576
3424 0.127706
3425 0.127827
3426 0.127948
3427 0.128071
3428 0.128195
3429 0.128314
3430 0.128425
3431 0.128526
3432 0.128622
3433 0.128717
3434 0.128812
3435 0.128911
3436 0.129012
3437 0.129114
3438 0.129216
3439 0.129321
3440 0.129425
3441 0.129526
3442 0.129614
3443 0.129687
3444 0.129742
3445 0.129784
3446 0.129817
3447 0.129841
3448 0.129856
3449 0.129863
3450 0.129863
3451 0.129853
3452 0.129835
3453 0.129811
3454 0.129782
3455 0.129752
3456 0.12972
3457 0.129683
3458 0.129639
3459 0.129586
3460 0.129523
3461 0.129445
3462 0.129351
3463 0.129239
3464 0.129117
3465 0.128991
3466 0.128875
3467 0.128776
3468 0.128696
3469 0.128629
3470 0.128564
3471 0.128491
3472 0.128407
3473 0.128313
3474 0.128212
3475 0.128107
3476 0.127998
3477 0.127885
3478 0.127767
3479 0.127647
3480 0.127528
3481 0.127411
3482 0.127291
3483 0.127164
3484 0.127032
3485 0.126898
3486 0.126767
3487 0.126638
3488 0.126508
3489 0.126371
3490 0.126226
3491 0.126072
3492 0.125912
3493 0.12575
3494 0.125589
3495 0.125435
3496 0.125292
3497 0.125163
3498 0.125049
3499 0.124943
3500 0.12484
3501 0.124732
3502 0.12462
3503 0.124501
3504 0.124375
3505 0.124244
3506 0.124109
3507 0.123975
3508 0.123842
3509 0.123713
3510 0.123589
3511 0.123473
3512 0.123359
3513 0.12324
3514 0.123112
3515 0.122977
3516 0.122841
3517 0.122707
3518 0.122578
3519 0.122452
3520 0.122324
3521 0.122197
3522 0.12207
3523 0.121946
3524 0.121825
3525 0.121709
3526 0.121602
3527 0.121508
3528 0.121429
3529 0.121367
3530 0.121319
3531 0.121278
3532 0.121234
3533 0.121179
3534 0.121107
3535 0.121022
3536 0.120931
3537 0.12085
3538 0.120788
3539 0.12075
3540 0.120734
3541 0.120732
3542 0.120738
3543 0.12075
3544 0.120766
3545 0.120783
3546 0.120802
3547 0.120822
3548 0.120841
3549 0.120856
3550 0.120862
3551 0.12086
3552 0.120847
3553 0.120826
3554 0.120803
3555 0.120782
3556 0.12076
3557 0.120739
3558 0.12072
3559 0.120706
3560 0.120701
3561 0.120702
3562 0.120701
3563 0.120693
3564 0.120675
3565 0.120647
3566 0.120611
3567 0.120572
3568 0.12053
3569 0.120484
3570 0.120433
3571 0.120379
3572 0.120323
3573 0.120266
3574 0.120198
3575 0.12011
3576 0.119995
3577 0.119853
3578 0.119693
3579 0.119522
3580 0.11935
3581 0.119184
3582 0.119034
3583 0.11891
3584 0.118819
3585 0.118765
3586 0.118742
3587 0.118742
3588 0.118757
3589 0.118777
3590 0.118797
3591 0.118807
3592 0.118802
3593 0.118776
3594 0.118723
3595 0.118644
3596 0.118545
3597 0.118434
3598 0.118324
3599 0.118221
3600 0.118128
3601 0.118038
3602 0.117945
3603 0.117844
3604 0.117735
3605 0.117617
3606 0.117488
3607 0.117343
3608 0.117177
3609 0.116992
3610 0.116791
3611 0.11658
3612 0.11637
3613 0.116167
3614 0.115978
3615 0.115801
3616 0.115629
3617 0.115457
3618 0.115283
3619 0.115113
3620 0.114951
3621 0.114801
3622 0.114664
3623 0.114538
3624 0.114417
3625 0.114301
3626 0.114192
3627 0.114093
3628 0.114011
3629 0.113945
3630 0.113893
3631 0.11385
3632 0.113813
3633 0.113783
3634 0.113763
3635 0.113753
3636 0.113746
3637 0.113732
3638 0.113707
3639 0.11367
3640 0.113628
3641 0.113591
3642 0.113564
3643 0.113552
3644 0.113555
3645 0.113572
3646 0.113602
3647 0.113644
3648 0.113698
3649 0.113764
3650 0.113847
3651 0.113943
3652 0.114044
3653 0.114135
3654 0.114203
3655 0.114244
3656 0.114268
3657 0.114283
3658 0.1143
3659 0.114322
3660 0.114348
3661 0.114377
3662 0.114408
3663 0.114441
3664 0.114477
3665 0.114511
3666 0.11454
3667 0.114558
3668 0.114563
3669 0.114556
3670 0.114538
3671 0.114511
3672 0.114479
3673 0.114445
3674 0.114409
3675 0.114373
3676 0.114345
3677 0.114334
3678 0.114344
3679 0.114379
3680 0.114431
3681 0.114492
3682 0.114549
3683 0.114594
3684 0.114621
3685 0.114626
3686 0.114609
3687 0.114575
3688 0.114531
3689 0.114487
3690 0.114446
3691 0.114417
3692 0.114407
3693 0.114426
3694 0.114476
3695 0.114549
3696 0.11463
3697 0.114712
3698 0.114793
3699 0.114875
3700 0.114957
3701 0.115031
3702 0.11509
3703 0.115126
3704 0.115144
3705 0.115153
3706 0.115165
3707 0.115184
3708 0.115205
3709 0.115223
3710 0.115234
3711 0.115241
3712 0.115249
3713 0.115258
3714 0.115263
3715 0.115251
3716 0.115216
3717 0.115156
3718 0.115079
3719 0.114999
3720 0.114931
3721 0.11488
3722 0.114844
3723 0.114813
3724 0.114778
3725 0.114734
3726 0.114684
3727 0.114627
3728 0.114559
3729 0.114475
3730 0.114372
3731 0.114252
3732 0.114121
3733 0.113992
3734 0.113877
3735 0.113784
3736 0.113715
3737 0.113663
3738 0.113623
3739 0.113592
3740 0.113567
3741 0.11354
3742 0.113502
3743 0.113444
3744 0.113364
3745 0.113271
3746 0.113174
3747 0.113084
3748 0.113007
3749 0.112947
3750 0.112909
3751 0.112895
3752 0.112902
3753 0.112923
3754 0.112951
3755 0.112977
3756 0.112993
3757 0.112992
3758 0.112974
3759 0.112941
3760 0.112903
3761 0.112871
3762 0.11285
3763 0.11284
3764 0.112837
3765 0.112837
3766 0.112839
3767 0.112849
3768 0.112873
3769 0.112912
3770 0.112961
3771 0.113012
3772 0.113059
3773 0.113099
3774 0.113136
3775 0.113171
3776 0.11321
3777 0.11325
3778 0.113286
3779 0.11331
3780 0.113323
3781 0.113327
3782 0.11333
3783 0.113334
3784 0.113339
3785 0.113342
3786 0.113342
3787 0.113334
3788 0.113318
3789 0.113297
3790 0.113278
3791 0.113264
3792 0.113255
3793 0.113244
3794 0.113227
3795 0.1132
3796 0.113168
3797 0.113141
3798 0.11312
3799 0.113105
3800 0.113092
3801 0.113081
3802 0.113071
3803 0.113062
3804 0.113049
3805 0.11302
3806 0.112964
3807 0.112879
3808 0.112773
3809 0.112661
3810 0.112559
3811 0.112473
3812 0.112404
3813 0.112348
3814 0.112301
3815 0.112259
3816 0.112222
3817 0.112189
3818 0.11216
3819 0.112134
3820 0.112112
3821 0.11209
3822 0.11207
3823 0.112056
3824 0.112057
3825 0.112079
3826 0.112122
3827 0.112177
3828 0.11224
3829 0.112306
3830 0.112373
3831 0.112439
3832 0.112498
3833 0.112547
3834 0.112585
3835 0.112613
3836 0.112635
3837 0.112659
3838 0.11269
3839 0.112733
3840 0.112785
3841 0.112843
3842 0.112905
3843 0.112971
3844 0.113045
3845 0.113125
3846 0.113207
3847 0.113282
3848 0.113344
3849 0.113391
3850 0.113426
3851 0.113458
3852 0.113492
3853 0.113532
3854 0.113572
3855 0.11361
3856 0.113643
3857 0.113675
3858 0.113711
3859 0.113756
3860 0.113807
3861 0.113859
3862 0.113905
3863 0.113938
3864 0.113956
3865 0.113965
3866 0.113974
3867 0.113989
3868 0.114014
3869 0.114049
3870 0.114096
3871 0.114153
3872 0.114216
3873 0.114279
3874 0.114339
3875 0.114387
3876 0.114423
3877 0.114449
3878 0.114473
3879 0.1145
3880 0.114536
3881 0.114582
3882 0.114641
3883 0.114713
3884 0.114798
3885 0.11489
3886 0.114985
3887 0.115083
3888 0.115184
3889 0.115289
3890 0.115398
3891 0.115504
3892 0.115598
3893 0.115674
3894 0.115732
3895 0.115778
3896 0.115818
3897 0.115858
3898 0.115899
3899 0.115941
3900 0.115983
3901 0.116029
3902 0.116081
3903 0.116138
3904 0.116193
3905 0.116247
3906 0.1163
3907 0.116355
3908 0.116409
3909 0.116455
3910 0.116493
3911 0.116527
3912 0.116567
3913 0.116621
3914 0.116696
3915 0.116788
3916 0.116894
3917 0.117008
3918 0.117129
3919 0.11725
3920 0.117365
3921 0.11747
3922 0.117566
3923 0.117657
3924 0.117746
3925 0.11783
3926 0.117905
3927 0.117971
3928 0.11803
3929 0.11809
3930 0.118156
3931 0.118231
3932 0.118314
3933 0.118405
3934 0.118501
3935 0.118603
3936 0.118709
3937 0.118818
3938 0.118926
3939 0.119032
3940 0.119135
3941 0.11924
3942 0.119351
3943 0.119471
3944 0.119593
3945 0.119711
3946 0.11982
3947 0.11992
3948 0.120012
3949 0.120098
3950 0.120173
3951 0.120234
3952 0.120278
3953 0.120304
3954 0.120319
3955 0.12033
3956 0.120346
3957 0.120368
3958 0.120393
3959 0.120419
3960 0.120449
3961 0.120489
3962 0.120542
3963 0.120604
3964 0.120667
3965 0.120725
3966 0.120776
3967 0.120823
3968 0.120871
3969 0.120922
3970 0.120971
3971 0.12101
3972 0.121033
3973 0.121042
3974 0.121041
3975 0.121033
3976 0.121018
3977 0.120989
3978 0.120944
3979 0.120883
3980 0.120813
3981 0.12074
3982 0.120666
3983 0.120594
3984 0.120521
3985 0.120451
3986 0.120381
3987 0.120308
3988 0.120229
3989 0.120145
3990 0.120061
3991 0.119975
3992 0.119887
3993 0.119796
3994 0.119703
3995 0.119614
3996 0.119532
3997 0.119457
3998 0.119388
3999 0.119329
4000 0.11928
4001 0.119244
4002 0.119216
4003 0.119188
4004 0.11915
4005 0.119099
4006 0.119038
4007 0.118973
4008 0.118905
4009 0.118835
4010 0.118762
4011 0.118688
4012 0.118616
4013 0.118552
4014 0.118496
4015 0.118452
4016 0.118415
4017 0.11838
4018 0.118346
4019 0.118313
4020 0.11829
4021 0.118279
4022 0.11828
4023 0.118282
4024 0.11827
4025 0.118237
4026 0.118188
4027 0.11813
4028 0.11807
4029 0.118008
4030 0.11794
4031 0.117861
4032 0.117767
4033 0.117658
4034 0.117535
4035 0.117405
4036 0.117269
4037 0.117127
4038 0.116974
4039 0.11681
4040 0.116643
4041 0.116479
4042 0.116319
4043 0.116161
4044 0.116006
4045 0.115855
4046 0.115712
4047 0.115578
4048 0.115454
4049 0.115344
4050 0.115245
4051 0.115152
4052 0.115063
4053 0.11498
4054 0.114907
4055 0.114848
4056 0.114803
4057 0.114769
4058 0.114744
4059 0.114727
4060 0.114716
4061 0.114708
4062 0.114699
4063 0.114681
4064 0.114647
4065 0.114594
4066 0.114519
4067 0.11442
4068 0.114292
4069 0.114138
4070 0.113962
4071 0.113774
4072 0.11358
4073 0.113381
4074 0.113177
4075 0.112969
4076 0.112762
4077 0.11256
4078 0.112369
4079 0.112197
4080 0.112046
4081 0.111912
4082 0.111788
4083 0.111666
4084 0.111541
4085 0.111408
4086 0.111267
4087 0.111119
4088 0.110966
4089 0.110818
4090 0.110684
4091 0.110576
4092 0.110504
4093 0.110468
4094 0.110466
4095 0.110492
4096 0.110537
4097 0.11059
4098 0.110641
4099 0.110686
4100 0.110725
4101 0.110761
4102 0.110795
4103 0.11082
4104 0.110829
4105 0.110822
4106 0.110801
4107 0.11077
4108 0.110733
4109 0.110688
4110 0.110636
4111 0.110584
4112 0.110539
4113 0.110513
4114 0.110509
4115 0.110527
4116 0.110557
4117 0.110589
4118 0.110612
4119 0.110627
4120 0.110636
4121 0.110644
4122 0.110657
4123 0.110677
4124 0.110707
4125 0.110746
4126 0.110796
4127 0.110859
4128 0.110939
4129 0.111032
4130 0.111131
4131 0.111222
4132 0.111298
4133 0.111362
4134 0.111425
4135 0.111494
4136 0.111574
4137 0.111663
4138 0.111761
4139 0.111868
4140 0.111983
4141 0.112103
4142 0.112225
4143 0.112347
4144 0.112462
4145 0.112566
4146 0.112656
4147 0.112732
4148 0.112798
4149 0.112857
4150 0.112909
4151 0.112949
4152 0.112977
4153 0.112998
4154 0.11302
4155 0.113059
4156 0.113124
4157 0.11322
4158 0.113341
4159 0.11348
4160 0.11363
4161 0.113788
4162 0.113949
4163 0.114108
4164 0.114265
4165 0.11442
4166 0.114573
4167 0.114727
4168 0.114886
4169 0.115054
4170 0.115232
4171 0.115413
4172 0.115595
4173 0.115776
4174 0.115954
4175 0.116129
4176 0.116299
4177 0.116463
4178 0.116621
4179 0.116772
4180 0.116911
4181 0.117033
4182 0.117134
4183 0.117216
4184 0.117291
4185 0.117369
4186 0.117458
4187 0.11756
4188 0.117671
4189 0.117784
4190 0.117894
4191 0.117996
4192 0.118089
4193 0.118174
4194 0.118255
4195 0.11833
4196 0.118394
4197 0.118442
4198 0.118472
4199 0.118489
4200 0.118507
4201 0.118536
4202 0.118583
4203 0.118644
4204 0.118711
4205 0.118782
4206 0.118857
4207 0.118939
4208 0.119028
4209 0.11912
4210 0.119209
4211 0.11929
4212 0.119361
4213 0.119426
4214 0.119491
4215 0.119562
4216 0.119646
4217 0.119743
4218 0.119849
4219 0.119955
4220 0.120054
4221 0.120138
4222 0.120204
4223 0.12025
4224 0.120278
4225 0.120291
4226 0.120288
4227 0.120267
4228 0.120228
4229 0.120175
4230 0.120115
4231 0.120053
4232 0.119988
4233 0.119916
4234 0.119832
4235 0.11974
4236 0.119645
4237 0.119555
4238 0.119475
4239 0.119404
4240 0.119338
4241 0.11927
4242 0.119194
4243 0.119106
4244 0.11901
4245 0.118909
4246 0.118807
4247 0.118705
4248 0.118607
4249 0.118512
4250 0.118421
4251 0.11833
4252 0.118239
4253 0.118151
4254 0.118069
4255 0.117998
4256 0.117935
4257 0.117878
4258 0.117824
4259 0.117772
4260 0.117725
4261 0.117684
4262 0.117648
4263 0.117615
4264 0.11758
4265 0.117543
4266 0.117507
4267 0.11748
4268 0.117465
4269 0.117462
4270 0.117466
4271 0.117469
4272 0.117468
4273 0.117458
4274 0.117438
4275 0.117404
4276 0.117351
4277 0.117276
4278 0.117173
4279 0.117041
4280 0.116879
4281 0.116692
4282 0.116485
4283 0.116261
4284 0.116024
4285 0.115777
4286 0.115528
4287 0.115286
4288 0.115059
4289 0.114853
4290 0.114667
4291 0.114495
4292 0.114334
4293 0.114179
4294 0.114029
4295 0.113886
4296 0.113748
4297 0.113609
4298 0.113465
4299 0.113318
4300 0.113172
4301 0.113028
4302 0.112884
4303 0.112735
4304 0.112579
4305 0.112416
4306 0.112245
4307 0.112067
4308 0.111879
4309 0.111684
4310 0.111483
4311 0.111283
4312 0.111087
4313 0.110897
4314 0.110712
4315 0.11053
4316 0.11035
4317 0.110178
4318 0.110017
4319 0.109869
4320 0.109732
4321 0.109605
4322 0.109486
4323 0.109373
4324 0.109259
4325 0.10914
4326 0.109014
4327 0.108882
4328 0.108748
4329 0.108618
4330 0.108492
4331 0.108372
4332 0.108256
4333 0.108145
4334 0.10804
4335 0.107943
4336 0.107854
4337 0.107773
4338 0.107697
4339 0.107626
4340 0.107563
4341 0.10751
4342 0.107467
4343 0.107433
4344 0.107405
4345 0.107377
4346 0.107346
4347 0.107309
4348 0.107269
4349 0.10723
4350 0.107193
4351 0.107161
4352 0.107135
4353 0.107118
4354 0.107112
4355 0.107116
4356 0.107127
4357 0.107135
4358 0.107133
4359 0.107121
4360 0.107104
4361 0.107091
4362 0.107091
4363 0.107107
4364 0.107136
4365 0.107177
4366 0.107224
4367 0.107274
4368 0.107326
4369 0.107378
4370 0.107432
4371 0.107486
4372 0.107537
4373 0.10758
4374 0.107611
4375 0.107632
4376 0.107648
4377 0.107662
4378 0.107675
4379 0.10769
4380 0.107707
4381 0.107724
4382 0.107735
4383 0.107737
4384 0.107737
4385 0.107747
4386 0.107774
4387 0.107819
4388 0.107875
4389 0.107934
4390 0.107993
4391 0.108049
4392 0.108096
4393 0.108125
4394 0.108131
4395 0.108121
4396 0.10811
4397 0.108111
4398 0.10813
4399 0.108166
4400 0.108213
4401 0.10827
4402 0.108334
4403 0.108406
4404 0.108485
4405 0.108567
4406 0.108651
4407 0.108738
4408 0.10883
4409 0.108935
4410 0.10906
4411 0.10921
4412 0.109385
4413 0.109581
4414 0.109791
4415 0.110008
4416 0.11023
4417 0.110456
4418 0.110685
4419 0.110911
4420 0.111128
4421 0.111332
4422 0.11153
4423 0.111727
4424 0.111929
4425 0.112138
4426 0.112354
4427 0.112573
4428 0.112786
4429 0.112986
4430 0.113171
4431 0.113341
4432 0.113503
4433 0.113662
4434 0.11382
4435 0.113974
4436 0.114123
4437 0.114269
4438 0.114417
4439 0.114571
4440 0.114728
4441 0.11488
4442 0.115022
4443 0.11515
4444 0.115265
4445 0.115366
4446 0.115452
4447 0.115525
4448 0.115592
4449 0.115657
4450 0.115722
4451 0.115789
4452 0.11586
4453 0.11594
4454 0.116029
4455 0.116125
4456 0.11622
4457 0.116316
4458 0.116414
4459 0.116515
4460 0.116614
4461 0.116704
4462 0.116781
4463 0.116843
4464 0.116891
4465 0.116923
4466 0.116936
4467 0.116926
4468 0.116892
4469 0.116833
4470 0.116753
4471 0.116656
4472 0.116543
4473 0.11642
4474 0.116291
4475 0.116163
4476 0.11604
4477 0.115928
4478 0.115829
4479 0.115745
4480 0.115673
4481 0.115604
4482 0.115533
4483 0.115454
4484 0.115369
4485 0.115283
4486 0.115204
4487 0.115139
4488 0.115087
4489 0.115049
4490 0.115021
4491 0.115
4492 0.114984
4493 0.114971
4494 0.114962
4495 0.114957
4496 0.114959
4497 0.11497
4498 0.114989
4499 0.115017
4500 0.115054
4501 0.1151
4502 0.115153
4503 0.115209
4504 0.115264
4505 0.115317
4506 0.115366
4507 0.115406
4508 0.11543
4509 0.115431
4510 0.115409
4511 0.115371
4512 0.115326
4513 0.11528
4514 0.11524
4515 0.115213
4516 0.115201
4517 0.115201
4518 0.115207
4519 0.115211
4520 0.11521
4521 0.115197
4522 0.115167
4523 0.115117
4524 0.11505
4525 0.114973
4526 0.114894
4527 0.114817
4528 0.114743
4529 0.114675
4530 0.114617
4531 0.114566
4532 0.114514
4533 0.114448
4534 0.114358
4535 0.114244
4536 0.114115
4537 0.113983
4538 0.113859
4539 0.113746
4540 0.113647
4541 0.11356
4542 0.113488
4543 0.113435
4544 0.113403
4545 0.113395
4546 0.113408
4547 0.113437
4548 0.11348
4549 0.113535
4550 0.113601
4551 0.113674
4552 0.113748
4553 0.113818
4554 0.113884
4555 0.113945
4556 0.113997
4557 0.114036
4558 0.114054
4559 0.114052
4560 0.114035
4561 0.114015
4562 0.114007
4563 0.11402
4564 0.114054
4565 0.114108
4566 0.114173
4567 0.114245
4568 0.114318
4569 0.114395
4570 0.114472
4571 0.114546
4572 0.114609
4573 0.114658
4574 0.114698
4575 0.114738
4576 0.11479
4577 0.114862
4578 0.114951
4579 0.11505
4580 0.115151
4581 0.115248
4582 0.115342
4583 0.115435
4584 0.115528
4585 0.115623
4586 0.115718
4587 0.115811
4588 0.115902
4589 0.115985
4590 0.116061
4591 0.116131
4592 0.116198
4593 0.116261
4594 0.116314
4595 0.116348
4596 0.11636
4597 0.116351
4598 0.116322
4599 0.116272
4600 0.116203
4601 0.116116
4602 0.116014
4603 0.115901
4604 0.115777
4605 0.115647
4606 0.115513
4607 0.115376
4608 0.115237
4609 0.115097
4610 0.114959
4611 0.114828
4612 0.114712
4613 0.114613
4614 0.114528
4615 0.114452
4616 0.114381
4617 0.114313
4618 0.114247
4619 0.114182
4620 0.114119
4621 0.11406
4622 0.114
4623 0.113933
4624 0.113853
4625 0.113763
4626 0.113666
4627 0.113568
4628 0.113469
4629 0.11337
4630 0.113272
4631 0.113177
4632 0.113087
4633 0.113001
4634 0.11292
4635 0.112838
4636 0.112753
4637 0.112664
4638 0.112577
4639 0.112499
4640 0.112438
4641 0.112397
4642 0.112375
4643 0.11237
4644 0.112378
4645 0.112394
4646 0.112416
4647 0.11244
4648 0.112459
4649 0.112468
4650 0.112463
4651 0.11245
4652 0.112436
4653 0.11243
4654 0.112437
4655 0.112456
4656 0.112483
4657 0.112513
4658 0.112545
4659 0.112573
4660 0.112599
4661 0.112622
4662 0.112647
4663 0.112675
4664 0.112708
4665 0.112748
4666 0.112797
4667 0.112857
4668 0.112927
4669 0.113004
4670 0.113087
4671 0.113178
4672 0.11328
4673 0.113397
4674 0.11353
4675 0.113676
4676 0.113832
4677 0.113993
4678 0.114159
4679 0.11433
4680 0.114507
4681 0.114681
4682 0.114842
4683 0.114983
4684 0.115107
4685 0.115223
4686 0.11534
4687 0.115462
4688 0.115583
4689 0.115699
4690 0.115805
4691 0.1159
4692 0.115987
4693 0.116071
4694 0.116159
4695 0.116255
4696 0.116356
4697 0.11646
4698 0.116564
4699 0.116671
4700 0.116785
4701 0.116911
4702 0.117048
4703 0.117191
4704 0.117329
4705 0.117455
4706 0.117568
4707 0.117671
4708 0.117767
4709 0.117854
4710 0.117928
4711 0.11799
4712 0.118043
4713 0.11809
4714 0.118132
4715 0.118168
4716 0.118205
4717 0.118248
4718 0.118302
4719 0.118366
4720 0.118438
4721 0.118516
4722 0.118598
4723 0.118677
4724 0.118744
4725 0.118788
4726 0.118806
4727 0.118803
4728 0.118787
4729 0.118763
4730 0.118738
4731 0.118716
4732 0.118703
4733 0.1187
4734 0.118705
4735 0.118717
4736 0.118733
4737 0.118755
4738 0.118786
4739 0.118825
4740 0.118871
4741 0.11892
4742 0.118964
4743 0.118998
4744 0.11902
4745 0.119031
4746 0.119031
4747 0.119019
4748 0.118999
4749 0.118972
4750 0.118943
4751 0.118914
4752 0.118885
4753 0.118856
4754 0.118826
4755 0.118796
4756 0.118766
4757 0.118734
4758 0.118698
4759 0.118663
4760 0.118638
4761 0.118632
4762 0.118647
4763 0.118677
4764 0.118706
4765 0.118724
4766 0.118723
4767 0.118701
4768 0.118656
4769 0.118584
4770 0.118479
4771 0.118338
4772 0.118161
4773 0.117958
4774 0.117745
4775 0.117537
4776 0.117346
4777 0.117173
4778 0.117016
4779 0.116867
4780 0.116722
4781 0.116582
4782 0.116453
4783 0.116335
4784 0.11622
4785 0.116093
4786 0.115944
4787 0.11577
4788 0.115578
4789 0.115381
4790 0.115191
4791 0.115012
4792 0.11484
4793 0.114669
4794 0.114499
4795 0.114336
4796 0.114179
4797 0.114025
4798 0.11387
4799 0.113708
4800 0.113536
4801 0.113356
4802 0.113172
4803 0.11299
4804 0.112817
4805 0.112659
4806 0.112519
4807 0.112399
4808 0.112296
4809 0.112209
4810 0.112133
4811 0.11206
4812 0.111979
4813 0.111885
4814 0.111774
4815 0.111649
4816 0.111508
4817 0.111351
4818 0.111178
4819 0.110998
4820 0.110826
4821 0.11068
4822 0.110568
4823 0.110488
4824 0.110432
4825 0.110391
4826 0.110355
4827 0.11032
4828 0.110287
4829 0.11026
4830 0.110244
4831 0.110241
4832 0.110246
4833 0.110251
4834 0.110253
4835 0.110253
4836 0.110253
4837 0.110255
4838 0.11026
4839 0.110266
4840 0.110275
4841 0.110296
4842 0.110334
4843 0.110399
4844 0.110496
4845 0.110626
4846 0.110784
4847 0.110961
4848 0.111148
4849 0.111343
4850 0.111547
4851 0.111759
4852 0.111973
4853 0.112185
4854 0.112389
4855 0.11258
4856 0.112754
4857 0.112914
4858 0.113062
4859 0.113193
4860 0.113304
4861 0.113393
4862 0.113463
4863 0.113527
4864 0.113592
4865 0.113663
4866 0.113736
4867 0.113808
4868 0.113873
4869 0.113928
4870 0.113972
4871 0.114005
4872 0.114032
4873 0.11406
4874 0.114092
4875 0.114122
4876 0.114145
4877 0.114159
4878 0.114171
4879 0.114191
4880 0.114225
4881 0.114268
4882 0.114311
4883 0.114349
4884 0.114382
4885 0.114417
4886 0.114461
4887 0.114516
4888 0.114575
4889 0.114628
4890 0.114662
4891 0.114675
4892 0.11467
4893 0.114661
4894 0.114664
4895 0.114689
4896 0.114737
4897 0.114804
4898 0.114885
4899 0.114979
4900 0.115088
4901 0.115212
4902 0.11535
4903 0.115498
4904 0.115653
4905 0.115816
4906 0.115989
4907 0.116173
4908 0.116362
4909 0.116552
4910 0.116737
4911 0.116916
4912 0.117088
4913 0.117244
4914 0.11738
4915 0.117496
4916 0.117601
4917 0.117706
4918 0.11782
4919 0.117938
4920 0.118051
4921 0.118152
4922 0.118239
4923 0.118313
4924 0.118379
4925 0.118441
4926 0.118504
4927 0.118569
4928 0.118634
4929 0.118696
4930 0.118751
4931 0.118799
4932 0.118846
4933 0.118895
4934 0.11895
4935 0.119008
4936 0.119068
4937 0.119127
4938 0.119188
4939 0.119249
4940 0.119309
4941 0.119358
4942 0.11939
4943 0.1194
4944 0.11939
4945 0.119363
4946 0.119325
4947 0.119284
4948 0.119244
4949 0.119207
4950 0.119167
4951 0.11912
4952 0.119066
4953 0.119009
4954 0.118951
4955 0.118893
4956 0.118827
4957 0.11875
4958 0.11866
4959 0.11856
4960 0.118456
4961 0.118351
4962 0.118246
4963 0.118135
4964 0.118015
4965 0.117885
4966 0.117743
4967 0.117592
4968 0.117433
4969 0.117269
4970 0.117102
4971 0.116937
4972 0.116778
4973 0.116622
4974 0.116467
4975 0.116311
4976 0.116154
4977 0.115993
4978 0.115821
4979 0.115635
4980 0.115435
4981 0.115227
4982 0.115015
4983 0.114807
4984 0.114616
4985 0.114455
4986 0.114328
4987 0.114233
4988 0.114162
4989 0.11411
4990 0.114074
4991 0.114053
4992 0.114046
4993 0.114046
4994 0.114047
4995 0.114039
4996 0.114016
4997 0.113979
4998 0.113937
4999 0.113902
5000 0.113881
5001 0.11388
5002 0.113893
5003 0.113913
5004 0.113935
5005 0.113954
5006 0.113965
5007 0.113962
5008 0.113939
5009 0.113894
5010 0.113832
5011 0.113762
5012 0.113688
5013 0.11362
5014 0.113572
5015 0.113553
5016 0.113566
5017 0.113604
5018 0.113659
5019 0.113731
5020 0.113824
5021 0.11394
5022 0.114073
5023 0.114212
5024 0.114344
5025 0.11446
5026 0.114557
5027 0.114634
5028 0.114692
5029 0.114733
5030 0.11476
5031 0.114774
5032 0.114779
5033 0.114772
5034 0.114752
5035 0.114715
5036 0.114668
5037 0.114617
5038 0.114571
5039 0.114536
5040 0.114516
5041 0.114517
5042 0.114545
5043 0.114607
5044 0.114707
5045 0.114843
5046 0.115006
5047 0.115182
5048 0.115358
5049 0.115522
5050 0.115675
5051 0.11582
5052 0.115963
5053 0.116102
5054 0.116235
5055 0.116357
5056 0.116471
5057 0.116584
5058 0.116704
5059 0.116836
5060 0.11698
5061 0.117129
5062 0.117278
5063 0.117427
5064 0.117574
5065 0.117719
5066 0.117861
5067 0.117998
5068 0.118134
5069 0.118273
5070 0.118419
5071 0.118575
5072 0.11874
5073 0.118912
5074 0.119087
5075 0.119262
5076 0.119433
5077 0.119597
5078 0.119748
5079 0.119883
5080 0.119999
5081 0.120095
5082 0.120175
5083 0.120247
5084 0.120319
5085 0.120391
5086 0.120461
5087 0.120526
5088 0.120583
5089 0.12063
5090 0.120668
5091 0.120695
5092 0.12071
5093 0.120714
5094 0.12071
5095 0.120706
5096 0.120703
5097 0.120703
5098 0.12071
5099 0.120726
5100 0.120753
5101 0.12079
5102 0.120832
5103 0.120878
5104 0.12093
5105 0.120988
5106 0.121047
5107 0.121096
5108 0.121126
5109 0.121133
5110 0.121123
5111 0.12111
5112 0.121107
5113 0.121121
5114 0.121147
5115 0.121184
5116 0.12123
5117 0.121287
5118 0.121358
5119 0.121441
5120 0.121532
5121 0.121622
5122 0.121706
5123 0.121786
5124 0.121864
5125 0.121946
5126 0.12203
5127 0.122115
5128 0.122197
5129 0.122284
5130 0.122385
5131 0.122509
5132 0.122661
5133 0.122837
5134 0.123025
5135 0.123216
5136 0.1234
5137 0.123575
5138 0.12374
5139 0.123896
5140 0.124042
5141 0.124175
5142 0.124294
5143 0.124402
5144 0.124509
5145 0.124626
5146 0.124759
5147 0.124911
5148 0.125077
5149 0.125257
5150 0.125445
5151 0.125635
5152 0.125821
5153 0.125996
5154 0.126155
5155 0.126295
5156 0.126415
5157 0.126515
5158 0.126599
5159 0.126673
5160 0.126744
5161 0.126819
5162 0.126904
5163 0.126999
5164 0.127097
5165 0.127191
5166 0.12727
5167 0.127327
5168 0.127357
5169 0.127362
5170 0.127342
5171 0.127297
5172 0.12723
5173 0.12715
5174 0.127066
5175 0.126987
5176 0.126918
5177 0.126858
5178 0.126802
5179 0.126744
5180 0.126677
5181 0.1266
5182 0.126511
5183 0.126411
5184 0.126298
5185 0.126171
5186 0.126028
5187 0.125878
5188 0.125733
5189 0.125605
5190 0.125503
5191 0.125428
5192 0.125378
5193 0.125349
5194 0.125337
5195 0.125339
5196 0.125352
5197 0.125369
5198 0.12538
5199 0.125375
5200 0.125351
5201 0.125311
5202 0.125263
5203 0.125208
5204 0.12515
5205 0.12509
5206 0.12503
5207 0.12497
5208 0.124904
5209 0.12483
5210 0.124749
5211 0.12466
5212 0.124566
5213 0.124465
5214 0.124355
5215 0.124235
5216 0.12411
5217 0.123994
5218 0.123898
5219 0.123827
5220 0.123781
5221 0.123752
5222 0.123736
5223 0.12373
5224 0.123729
5225 0.123727
5226 0.123714
5227 0.123684
5228 0.123634
5229 0.123564
5230 0.123477
5231 0.123375
5232 0.123266
5233 0.123164
5234 0.123079
5235 0.123016
5236 0.122968
5237 0.122921
5238 0.122868
5239 0.122808
5240 0.122745
5241 0.122687
5242 0.122636
5243 0.12259
5244 0.122545
5245 0.122501
5246 0.122458
5247 0.12242
5248 0.122387
5249 0.122355
5250 0.12232
5251 0.122278
5252 0.122226
5253 0.122162
5254 0.122087
5255 0.122006
5256 0.12192
5257 0.121826
5258 0.12172
5259 0.121599
5260 0.121465
5261 0.121333
5262 0.121215
5263 0.121123
5264 0.121058
5265 0.121019
5266 0.120999
5267 0.120989
5268 0.120984
5269 0.120976
5270 0.120959
5271 0.120934
5272 0.120905
5273 0.120878
5274 0.120859
5275 0.12085
5276 0.120854
5277 0.120868
5278 0.120888
5279 0.120908
5280 0.120924
5281 0.120934
5282 0.120943
5283 0.120956
5284 0.120979
5285 0.121011
5286 0.121049
5287 0.121085
5288 0.12112
5289 0.121153
5290 0.121186
5291 0.121217
5292 0.121249
5293 0.121284
5294 0.121326
5295 0.121379
5296 0.121444
5297 0.121517
5298 0.121591
5299 0.121656
5300 0.121703
5301 0.121723
5302 0.121714
5303 0.121678
5304 0.121625
5305 0.121562
5306 0.121495
5307 0.121431
5308 0.121378
5309 0.121341
5310 0.121323
5311 0.121319
5312 0.121323
5313 0.12133
5314 0.121337
5315 0.121341
5316 0.121341
5317 0.121334
5318 0.12132
5319 0.121302
5320 0.121282
5321 0.121261
5322 0.121243
5323 0.121229
5324 0.121221
5325 0.121218
5326 0.121219
5327 0.121221
5328 0.121222
5329 0.121221
5330 0.121215
5331 0.121203
5332 0.121184
5333 0.12116
5334 0.121138
5335 0.121121
5336 0.121113
5337 0.121108
5338 0.121099
5339 0.121081
5340 0.121057
5341 0.121026
5342 0.120991
5343 0.120954
5344 0.12092
5345 0.12089
5346 0.120868
5347 0.120854
5348 0.12085
5349 0.120861
5350 0.120885
5351 0.120917
5352 0.120951
5353 0.120987
5354 0.121028
5355 0.121073
5356 0.12112
5357 0.121165
5358 0.121206
5359 0.121238
5360 0.12126
5361 0.121272
5362 0.12128
5363 0.121288
5364 0.121301
5365 0.121321
5366 0.12135
5367 0.12139
5368 0.121441
5369 0.121498
5370 0.121552
5371 0.121591
5372 0.121609
5373 0.121607
5374 0.121592
5375 0.121577
5376 0.121571
5377 0.12158
5378 0.121602
5379 0.121629
5380 0.121653
5381 0.121667
5382 0.121669
5383 0.121656
5384 0.121628
5385 0.121586
5386 0.121533
5387 0.121481
5388 0.121441
5389 0.121422
5390 0.121425
5391 0.121447
5392 0.121486
5393 0.121543
5394 0.121614
5395 0.121699
5396 0.121792
5397 0.121891
5398 0.121988
5399 0.122081
5400 0.122169
5401 0.122258
5402 0.122352
5403 0.122455
5404 0.122567
5405 0.122688
5406 0.12282
5407 0.12297
5408 0.123145
5409 0.123344
5410 0.123561
5411 0.12378
5412 0.123985
5413 0.124167
5414 0.124325
5415 0.124468
5416 0.124603
5417 0.124735
5418 0.124863
5419 0.124983
5420 0.125093
5421 0.125192
5422 0.125283
5423 0.125369
5424 0.12545
5425 0.125525
5426 0.125596
5427 0.125668
5428 0.12575
5429 0.125849
5430 0.125967
5431 0.126098
5432 0.126236
5433 0.126374
5434 0.126508
5435 0.126632
5436 0.126741
5437 0.126829
5438 0.126895
5439 0.126945
5440 0.126985
5441 0.12702
5442 0.127051
5443 0.127077
5444 0.127097
5445 0.127108
5446 0.127111
5447 0.127101
5448 0.127077
5449 0.127037
5450 0.126979
5451 0.126908
5452 0.126825
5453 0.126732
5454 0.126629
5455 0.12652
5456 0.126409
5457 0.1263
5458 0.126192
5459 0.126082
5460 0.125967
5461 0.125845
5462 0.125718
5463 0.125588
5464 0.125452
5465 0.125309
5466 0.125158
5467 0.125003
5468 0.124851
5469 0.124705
5470 0.124564
5471 0.124426
5472 0.124289
5473 0.124154
5474 0.12402
5475 0.123882
5476 0.123735
5477 0.123577
5478 0.123404
5479 0.123215
5480 0.123008
5481 0.122786
5482 0.122554
5483 0.122316
5484 0.122077
5485 0.121842
5486 0.121619
5487 0.12142
5488 0.121253
5489 0.121117
5490 0.121003
5491 0.120896
5492 0.120787
5493 0.120668
5494 0.120539
5495 0.120405
5496 0.120269
5497 0.120131
5498 0.119989
5499 0.119845
5500 0.119707
5501 0.119579
5502 0.119465
5503 0.119357
5504 0.119246
5505 0.119123
5506 0.118987
5507 0.118841
5508 0.118688
5509 0.118529
5510 0.118366
5511 0.118199
5512 0.118034
5513 0.117875
5514 0.117727
5515 0.117598
5516 0.117494
5517 0.117422
5518 0.11738
5519 0.117359
5520 0.117345
5521 0.117324
5522 0.117291
5523 0.11725
5524 0.117204
5525 0.117154
5526 0.1171
5527 0.117046
5528 0.117004
5529 0.116987
5530 0.116996
5531 0.117022
5532 0.117052
5533 0.117075
5534 0.117084
5535 0.117073
5536 0.117037
5537 0.116976
5538 0.116894
5539 0.116798
5540 0.116695
5541 0.11659
5542 0.116492
5543 0.116408
5544 0.116342
5545 0.116296
5546 0.116265
5547 0.116244
5548 0.116224
5549 0.116199
5550 0.116164
5551 0.116122
5552 0.116075
5553 0.116029
5554 0.115993
5555 0.115975
5556 0.115982
5557 0.116015
5558 0.116069
5559 0.116133
5560 0.1162
5561 0.116262
5562 0.116316
5563 0.116364
5564 0.11641
5565 0.116458
5566 0.116506
5567 0.116551
5568 0.116591
5569 0.116626
5570 0.11666
5571 0.116698
5572 0.116746
5573 0.116806
5574 0.116877
5575 0.116957
5576 0.117045
5577 0.117137
5578 0.117224
5579 0.117302
5580 0.11737
5581 0.117423
5582 0.117456
5583 0.117467
5584 0.117456
5585 0.117432
5586 0.117406
5587 0.11739
5588 0.117391
5589 0.117407
5590 0.117433
5591 0.117459
5592 0.117478
5593 0.117491
5594 0.117496
5595 0.117497
5596 0.117495
5597 0.117493
5598 0.1175
5599 0.117523
5600 0.117567
5601 0.117627
5602 0.117692
5603 0.117755
5604 0.117815
5605 0.117875
5606 0.11794
5607 0.11801
5608 0.118082
5609 0.118146
5610 0.118198
5611 0.118234
5612 0.118252
5613 0.118251
5614 0.118233
5615 0.118198
5616 0.118152
5617 0.118098
5618 0.118045
5619 0.117993
5620 0.117943
5621 0.117893
5622 0.117843
5623 0.117797
5624 0.117756
5625 0.117727
5626 0.117711
5627 0.117708
5628 0.117713
5629 0.117713
5630 0.117696
5631 0.117646
5632 0.11756
5633 0.11744
5634 0.117296
5635 0.11714
5636 0.11698
5637 0.116823
5638 0.116674
5639 0.116536
5640 0.116418
5641 0.116325
5642 0.116258
5643 0.116215
5644 0.116191
5645 0.116183
5646 0.116185
5647 0.116197
5648 0.116219
5649 0.116249
5650 0.116281
5651 0.116313
5652 0.116345
5653 0.11638
5654 0.116419
5655 0.116461
5656 0.1165
5657 0.116532
5658 0.116557
5659 0.116578
5660 0.116602
5661 0.116631
5662 0.116666
5663 0.116707
5664 0.116752
5665 0.116798
5666 0.116839
5667 0.116867
5668 0.116881
5669 0.116889
5670 0.116899
5671 0.116914
5672 0.11693
5673 0.116939
5674 0.116942
5675 0.116943
5676 0.116945
5677 0.116946
5678 0.116943
5679 0.116939
5680 0.116942
5681 0.116959
5682 0.116995
5683 0.117043
5684 0.117097
5685 0.117151
5686 0.117205
5687 0.11726
5688 0.117312
5689 0.117362
5690 0.117407
5691 0.117451
5692 0.117493
5693 0.117533
5694 0.117565
5695 0.117584
5696 0.117588
5697 0.117582
5698 0.117571
5699 0.117556
5700 0.11754
5701 0.117526
5702 0.117523
5703 0.117535
5704 0.117566
5705 0.117614
5706 0.117674
5707 0.117743
5708 0.117823
5709 0.117912
5710 0.118007
5711 0.118105
5712 0.118203
5713 0.1183
5714 0.118395
5715 0.118486
5716 0.118574
5717 0.118657
5718 0.118733
5719 0.118802
5720 0.118864
5721 0.118919
5722 0.118965
5723 0.119004
5724 0.119036
5725 0.119059
5726 0.119065
5727 0.119047
5728 0.119003
5729 0.118936
5730 0.11885
5731 0.118752
5732 0.118655
5733 0.118571
5734 0.118512
5735 0.118486
5736 0.118497
5737 0.118545
5738 0.118625
5739 0.118727
5740 0.118838
5741 0.118947
5742 0.119043
5743 0.119119
5744 0.119171
5745 0.119206
5746 0.119233
5747 0.119259
5748 0.119281
5749 0.119297
5750 0.119308
5751 0.11932
5752 0.119338
5753 0.119363
5754 0.119394
5755 0.119433
5756 0.11948
5757 0.119533
5758 0.119587
5759 0.119643
5760 0.1197
5761 0.119762
5762 0.119836
5763 0.119925
5764 0.120036
5765 0.120174
5766 0.120337
5767 0.120518
5768 0.120706
5769 0.120886
5770 0.121045
5771 0.121171
5772 0.121257
5773 0.121298
5774 0.121302
5775 0.12128
5776 0.121251
5777 0.121226
5778 0.121214
5779 0.121214
5780 0.121226
5781 0.121245
5782 0.121266
5783 0.121286
5784 0.1213
5785 0.121309
5786 0.121314
5787 0.12132
5788 0.121328
5789 0.121338
5790 0.121349
5791 0.121362
5792 0.121383
5793 0.121419
5794 0.121472
5795 0.121539
5796 0.121611
5797 0.121684
5798 0.121761
5799 0.121841
5800 0.121926
5801 0.12201
5802 0.122091
5803 0.122167
5804 0.122239
5805 0.122306
5806 0.122369
5807 0.122423
5808 0.122465
5809 0.122492
5810 0.122504
5811 0.122505
5812 0.122496
5813 0.122481
5814 0.122463
5815 0.122443
5816 0.122415
5817 0.122371
5818 0.122304
5819 0.122217
5820 0.122119
5821 0.122023
5822 0.121936
5823 0.121861
5824 0.121796
5825 0.121743
5826 0.121702
5827 0.121671
5828 0.121651
5829 0.12164
5830 0.121639
5831 0.121641
5832 0.121641
5833 0.121631
5834 0.121608
5835 0.121575
5836 0.121535
5837 0.121491
5838 0.121441
5839 0.121384
5840 0.121322
5841 0.121264
5842 0.121216
5843 0.121182
5844 0.121162
5845 0.121155
5846 0.121162
5847 0.121186
5848 0.121226
5849 0.121277
5850 0.121328
5851 0.121371
5852 0.121405
5853 0.121437
5854 0.121473
5855 0.121515
5856 0.121564
5857 0.121612
5858 0.121652
5859 0.121675
5860 0.12168
5861 0.121674
5862 0.121668
5863 0.121672
5864 0.121688
5865 0.121708
5866 0.121724
5867 0.121737
5868 0.121755
5869 0.12179
5870 0.121846
5871 0.121922
5872 0.122005
5873 0.122089
5874 0.122174
5875 0.122267
5876 0.122372
5877 0.122489
5878 0.122613
5879 0.122728
5880 0.122824
5881 0.122895
5882 0.122944
5883 0.122978
5884 0.123003
5885 0.123018
5886 0.123018
5887 0.122996
5888 0.122952
5889 0.122892
5890 0.122825
5891 0.122761
5892 0.122705
5893 0.122661
5894 0.122628
5895 0.122604
5896 0.122588
5897 0.122581
5898 0.122583
5899 0.122593
5900 0.122608
5901 0.122624
5902 0.122634
5903 0.122635
5904 0.122622
5905 0.122598
5906 0.122566
5907 0.12253
5908 0.122494
5909 0.122457
5910 0.122419
5911 0.122387
5912 0.122366
5913 0.122361
5914 0.122374
5915 0.122404
5916 0.122448
5917 0.122502
5918 0.122562
5919 0.122627
5920 0.122693
5921 0.122761
5922 0.122835
5923 0.122917
5924 0.123005
5925 0.123091
5926 0.123169
5927 0.123245
5928 0.123326
5929 0.123417
5930 0.123511
5931 0.123599
5932 0.123678
5933 0.123752
5934 0.123826
5935 0.123908
5936 0.124
5937 0.124103
5938 0.124218
5939 0.124342
5940 0.124471
5941 0.124593
5942 0.1247
5943 0.124788
5944 0.12486
5945 0.124921
5946 0.124975
5947 0.125025
5948 0.125075
5949 0.125131
5950 0.125196
5951 0.125273
5952 0.125365
5953 0.125473
5954 0.125595
5955 0.125724
5956 0.125853
5957 0.125974
5958 0.126085
5959 0.126183
5960 0.126264
5961 0.126322
5962 0.126356
5963 0.126367
5964 0.126363
5965 0.126349
5966 0.126334
5967 0.126322
5968 0.12632
5969 0.126335
5970 0.126372
5971 0.126426
5972 0.126493
5973 0.126571
5974 0.126665
5975 0.126775
5976 0.126899
5977 0.12703
5978 0.127161
5979 0.12729
5980 0.127417
5981 0.127541
5982 0.12766
5983 0.127769
5984 0.127867
5985 0.127953
5986 0.128031
5987 0.128104
5988 0.12818
5989 0.128266
5990 0.128368
5991 0.128496
5992 0.128653
5993 0.128841
5994 0.129053
5995 0.129281
5996 0.129517
5997 0.129756
5998 0.129998
5999 0.130241
6000 0.130478
