# Time-averaged data for fix msdDump
# TimeStep c_msdID[4]
195000 0
195015 0.0789295
195030 0.155761
195045 0.213816
195060 0.265977
195075 0.309177
195090 0.345324
195105 0.370863
195120 0.386256
195135 0.394445
195150 0.397153
195165 0.3944
195180 0.38687
195195 0.377897
195210 0.367739
195225 0.35715
195240 0.346927
195255 0.336306
195270 0.327359
195285 0.320776
195300 0.317023
195315 0.315177
195330 0.316874
195345 0.318105
195360 0.320657
195375 0.323427
195390 0.325572
195405 0.327099
195420 0.328879
195435 0.33003
195450 0.330314
195465 0.329469
195480 0.332633
195495 0.334626
195510 0.335841
195525 0.338137
195540 0.337844
195555 0.339002
195570 0.339646
195585 0.340874
195600 0.337783
195615 0.3343
195630 0.33194
195645 0.329782
195660 0.329687
195675 0.327757
195690 0.32814
195705 0.329173
195720 0.330726
195735 0.331689
195750 0.331444
195765 0.329475
195780 0.328622
195795 0.327904
195810 0.327056
195825 0.32573
195840 0.32561
195855 0.326118
195870 0.32601
195885 0.326653
195900 0.328295
195915 0.329362
195930 0.329365
195945 0.331747
195960 0.332627
195975 0.332214
195990 0.333225
196005 0.334782
196020 0.336839
196035 0.338865
196050 0.340876
196065 0.342504
196080 0.343122
196095 0.342619
196110 0.343416
196125 0.343088
196140 0.344121
196155 0.343929
196170 0.34241
196185 0.341535
196200 0.341442
196215 0.341339
196230 0.341893
196245 0.342157
196260 0.344227
196275 0.346616
196290 0.34636
196305 0.345304
196320 0.345942
196335 0.346705
196350 0.345682
196365 0.346121
196380 0.344818
196395 0.344569
196410 0.343441
196425 0.341797
196440 0.341913
196455 0.341244
196470 0.34014
196485 0.339484
196500 0.339024
196515 0.33592
196530 0.335902
196545 0.335256
196560 0.336845
196575 0.337915
196590 0.336199
196605 0.334528
196620 0.330839
196635 0.329171
196650 0.327594
196665 0.327243
196680 0.327481
196695 0.327606
196710 0.328073
196725 0.327521
196740 0.32744
196755 0.326561
196770 0.325869
196785 0.328724
196800 0.331585
196815 0.334235
196830 0.338297
196845 0.339265
196860 0.339841
196875 0.341154
196890 0.340725
196905 0.339882
196920 0.339236
196935 0.337373
196950 0.335663
196965 0.336586
196980 0.336387
196995 0.336526
197010 0.339203
197025 0.340607
197040 0.342881
197055 0.345049
197070 0.344639
197085 0.343491
197100 0.345498
197115 0.347367
197130 0.348541
197145 0.350792
197160 0.350524
197175 0.35265
197190 0.353645
197205 0.353684
197220 0.355876
197235 0.357808
197250 0.359754
197265 0.36061
197280 0.362122
197295 0.3601
197310 0.357537
197325 0.354647
197340 0.352461
197355 0.352226
197370 0.352252
197385 0.349655
197400 0.346983
197415 0.34485
197430 0.342192
197445 0.34143
197460 0.34048
197475 0.340104
197490 0.339341
197505 0.339829
197520 0.34098
197535 0.340843
197550 0.340811
197565 0.341461
197580 0.342609
197595 0.343366
197610 0.344057
197625 0.343434
197640 0.342739
197655 0.341
197670 0.340145
197685 0.339185
197700 0.337257
197715 0.337494
197730 0.338184
197745 0.337962
197760 0.339127
197775 0.339275
197790 0.340786
197805 0.341811
197820 0.342388
197835 0.3421
197850 0.342032
197865 0.342193
197880 0.342498
197895 0.34235
197910 0.341486
197925 0.339901
197940 0.340638
197955 0.34237
197970 0.346524
197985 0.349058
198000 0.351665
198015 0.352206
198030 0.351878
198045 0.350134
198060 0.349011
198075 0.348328
198090 0.345395
198105 0.344356
198120 0.343152
198135 0.343718
198150 0.344369
198165 0.344825
198180 0.346534
198195 0.347715
198210 0.346875
198225 0.348106
198240 0.349024
198255 0.35023
198270 0.35015
198285 0.347583
198300 0.34498
198315 0.341678
198330 0.339416
198345 0.336251
198360 0.33433
198375 0.332994
198390 0.333685
198405 0.334347
198420 0.335956
198435 0.339784
198450 0.341559
198465 0.344626
198480 0.347521
198495 0.348746
198510 0.34954
198525 0.350028
198540 0.351296
198555 0.351466
198570 0.352054
198585 0.350483
198600 0.34937
198615 0.351506
198630 0.351583
198645 0.351838
198660 0.351934
198675 0.352026
198690 0.352786
198705 0.352733
198720 0.351967
198735 0.353587
198750 0.35398
198765 0.354139
198780 0.35356
198795 0.352705
198810 0.352438
198825 0.349216
198840 0.348092
198855 0.346965
198870 0.348366
198885 0.349555
198900 0.350118
198915 0.351236
198930 0.352803
198945 0.351819
198960 0.349052
198975 0.346662
198990 0.347286
199005 0.348467
199020 0.349746
199035 0.350996
199050 0.352441
199065 0.354275
199080 0.35459
199095 0.354755
199110 0.35329
199125 0.351261
199140 0.349326
199155 0.346131
199170 0.344308
199185 0.343374
199200 0.343016
199215 0.344081
199230 0.344796
199245 0.347407
199260 0.346706
199275 0.345715
199290 0.346185
199305 0.347447
199320 0.348411
199335 0.34883
199350 0.350757
199365 0.349295
199380 0.346218
199395 0.343612
199410 0.342636
199425 0.342819
199440 0.343336
199455 0.345775
199470 0.347888
199485 0.349818
199500 0.350883
199515 0.351529
199530 0.351744
199545 0.351135
199560 0.351772
199575 0.351556
199590 0.352201
199605 0.353605
199620 0.352858
199635 0.353609
199650 0.353472
199665 0.353117
199680 0.3543
199695 0.356562
199710 0.356779
199725 0.354215
199740 0.352574
199755 0.352242
199770 0.351351
199785 0.352847
199800 0.353237
199815 0.352725
199830 0.352963
199845 0.353118
199860 0.354049
199875 0.354086
199890 0.351477
199905 0.351418
199920 0.351441
199935 0.349185
199950 0.347258
199965 0.346307
199980 0.347026
199995 0.348217
200010 0.347871
200025 0.347457
200040 0.347031
200055 0.347742
200070 0.347691
200085 0.347386
200100 0.348179
200115 0.349799
200130 0.350462
200145 0.350176
200160 0.350525
200175 0.350562
200190 0.34876
200205 0.348788
200220 0.3472
200235 0.347504
200250 0.348133
200265 0.349387
200280 0.350768
200295 0.351593
200310 0.353343
200325 0.355491
200340 0.356874
200355 0.359045
200370 0.357866
200385 0.356853
200400 0.35597
200415 0.355709
200430 0.355262
200445 0.356033
200460 0.356594
200475 0.359026
200490 0.357749
200505 0.355991
200520 0.355523
200535 0.352908
200550 0.350998
200565 0.352203
200580 0.353533
200595 0.353871
200610 0.353359
200625 0.354752
200640 0.356184
200655 0.35753
200670 0.357659
200685 0.356241
200700 0.356438
200715 0.35667
200730 0.357268
200745 0.356975
200760 0.355762
200775 0.353933
200790 0.352743
200805 0.353337
200820 0.356186
200835 0.358776
200850 0.359417
200865 0.357969
200880 0.357805
200895 0.357782
200910 0.358589
200925 0.358227
200940 0.359147
200955 0.359378
200970 0.359717
200985 0.359807
201000 0.359773
201015 0.358346
201030 0.356613
201045 0.356567
201060 0.355571
201075 0.353556
201090 0.352873
201105 0.352851
201120 0.35517
201135 0.357087
201150 0.358428
201165 0.359224
201180 0.359209
201195 0.35876
201210 0.358887
201225 0.358673
201240 0.358666
201255 0.358125
201270 0.357812
201285 0.35556
201300 0.355782
201315 0.356462
201330 0.356528
201345 0.355965
201360 0.354694
201375 0.353324
201390 0.353364
201405 0.35308
201420 0.352479
201435 0.355792
201450 0.35646
201465 0.35856
201480 0.359668
201495 0.358505
201510 0.358003
201525 0.357378
201540 0.356086
201555 0.357302
201570 0.361055
201585 0.365014
201600 0.367314
201615 0.367484
201630 0.369476
201645 0.37169
201660 0.372359
201675 0.369421
201690 0.36684
201705 0.365176
201720 0.364017
201735 0.363931
201750 0.362584
201765 0.36232
201780 0.363312
201795 0.36463
201810 0.366467
201825 0.368142
201840 0.368253
201855 0.369756
201870 0.36862
201885 0.369539
201900 0.36915
201915 0.368059
201930 0.365514
201945 0.360919
201960 0.360658
201975 0.362832
201990 0.364532
202005 0.365805
202020 0.366188
202035 0.366481
202050 0.369257
202065 0.368477
202080 0.364936
202095 0.362889
202110 0.361424
202125 0.360446
202140 0.36152
202155 0.360713
202170 0.358666
202185 0.35852
202200 0.357436
202215 0.360295
202230 0.362352
202245 0.363921
202260 0.364401
202275 0.364452
202290 0.364334
202305 0.362423
202320 0.360618
202335 0.35981
202350 0.357415
202365 0.357919
202380 0.36098
202395 0.363794
202410 0.365378
202425 0.366546
202440 0.368015
202455 0.369789
202470 0.370231
202485 0.371591
202500 0.37322
202515 0.373783
202530 0.372738
202545 0.373967
202560 0.373661
202575 0.371808
202590 0.371041
202605 0.370275
202620 0.371006
202635 0.372667
202650 0.373961
202665 0.374953
202680 0.375206
202695 0.377036
202710 0.378205
202725 0.377455
202740 0.375288
202755 0.374944
202770 0.374761
202785 0.374409
202800 0.375047
202815 0.37396
202830 0.373337
202845 0.373898
202860 0.373998
202875 0.371019
202890 0.369287
202905 0.366622
202920 0.364538
202935 0.364736
202950 0.366697
202965 0.366409
202980 0.365526
202995 0.3642
203010 0.363089
203025 0.360748
203040 0.360106
203055 0.357216
203070 0.355361
203085 0.354045
203100 0.353247
203115 0.354645
203130 0.355958
203145 0.357375
203160 0.358849
203175 0.360482
203190 0.362254
203205 0.363687
203220 0.3638
203235 0.363297
203250 0.361944
203265 0.36044
203280 0.359873
203295 0.358386
203310 0.357496
203325 0.356756
203340 0.356951
203355 0.357235
203370 0.358418
203385 0.360304
203400 0.360536
203415 0.362555
203430 0.365447
203445 0.366702
203460 0.370001
203475 0.374775
203490 0.375057
203505 0.374849
203520 0.377135
203535 0.378462
203550 0.378275
203565 0.376555
203580 0.374786
203595 0.374616
203610 0.373351
203625 0.371428
203640 0.369361
203655 0.366028
203670 0.363452
203685 0.36048
203700 0.357698
203715 0.356734
203730 0.354831
203745 0.3555
203760 0.357866
203775 0.359317
203790 0.358688
203805 0.358199
203820 0.35735
203835 0.35589
203850 0.355589
203865 0.355889
203880 0.354666
203895 0.356659
203910 0.358938
203925 0.361017
203940 0.361708
203955 0.363838
203970 0.36687
203985 0.368631
204000 0.371237
204015 0.370513
204030 0.37059
204045 0.368671
204060 0.366976
204075 0.366539
204090 0.366061
204105 0.363558
204120 0.362288
204135 0.362821
204150 0.361581
204165 0.36024
204180 0.36073
204195 0.35954
204210 0.359418
204225 0.358872
204240 0.35939
204255 0.359676
204270 0.361096
204285 0.3635
204300 0.366308
204315 0.367006
204330 0.369645
204345 0.37276
204360 0.372579
204375 0.371981
204390 0.371863
204405 0.375513
204420 0.376355
204435 0.375011
204450 0.37488
204465 0.37153
204480 0.369404
204495 0.370834
204510 0.371397
204525 0.370286
204540 0.370394
204555 0.369178
204570 0.368872
204585 0.368253
204600 0.36886
204615 0.368143
204630 0.367522
204645 0.367761
204660 0.366343
204675 0.364183
204690 0.363282
204705 0.362494
204720 0.362931
204735 0.361215
204750 0.36039
204765 0.360015
204780 0.36126
204795 0.363019
204810 0.360832
204825 0.358828
204840 0.358171
204855 0.358739
204870 0.359584
204885 0.359516
204900 0.359565
204915 0.360837
204930 0.362084
204945 0.362716
204960 0.363127
204975 0.362384
204990 0.363582
205005 0.363117
205020 0.365216
205035 0.365474
205050 0.3654
205065 0.366376
205080 0.366397
205095 0.365076
205110 0.363548
205125 0.362139
205140 0.360548
205155 0.357841
205170 0.357373
205185 0.357079
205200 0.35925
205215 0.361713
205230 0.364916
205245 0.367562
205260 0.369628
205275 0.369249
205290 0.366768
205305 0.367684
205320 0.368723
205335 0.369977
205350 0.371837
205365 0.37118
205380 0.371073
205395 0.369973
205410 0.368735
205425 0.370309
205440 0.371027
205455 0.369988
205470 0.369966
205485 0.371295
205500 0.37127
205515 0.372392
205530 0.371894
205545 0.371985
205560 0.375119
205575 0.379587
205590 0.381269
205605 0.379867
205620 0.378533
205635 0.376556
205650 0.373015
205665 0.371887
205680 0.371462
205695 0.370453
205710 0.369636
205725 0.36709
205740 0.366518
205755 0.366484
205770 0.36604
205785 0.366369
205800 0.367142
205815 0.370414
205830 0.370406
205845 0.370164
205860 0.370046
205875 0.369504
205890 0.369425
205905 0.368689
205920 0.36931
205935 0.368767
205950 0.368129
205965 0.366076
205980 0.365869
205995 0.366907
206010 0.367361
206025 0.368598
206040 0.368821
206055 0.36797
206070 0.368883
206085 0.368361
206100 0.370203
206115 0.371919
206130 0.372603
206145 0.372475
206160 0.373433
206175 0.373586
206190 0.374949
206205 0.37676
206220 0.376616
206235 0.37565
206250 0.375105
206265 0.375256
206280 0.375571
206295 0.374833
206310 0.375044
206325 0.373317
206340 0.372494
206355 0.373331
206370 0.374054
206385 0.375657
206400 0.37488
206415 0.370628
206430 0.370558
206445 0.370649
206460 0.371761
206475 0.371084
206490 0.369398
206505 0.370225
206520 0.372335
206535 0.372982
206550 0.373697
206565 0.376422
206580 0.376519
206595 0.374871
206610 0.371429
206625 0.368774
206640 0.365339
206655 0.362919
206670 0.363297
206685 0.364836
206700 0.368158
206715 0.36944
206730 0.371283
206745 0.373583
206760 0.37435
206775 0.375044
206790 0.374859
206805 0.375759
206820 0.375531
206835 0.373687
206850 0.371205
206865 0.370138
206880 0.370677
206895 0.37159
206910 0.372653
206925 0.374308
206940 0.374142
206955 0.375409
206970 0.377137
206985 0.377497
207000 0.376648
207015 0.377376
207030 0.37766
207045 0.378937
207060 0.379563
207075 0.379366
207090 0.379713
207105 0.380855
207120 0.382475
207135 0.384511
207150 0.38651
207165 0.385797
207180 0.383304
207195 0.382995
207210 0.383362
207225 0.385641
207240 0.387044
207255 0.385516
207270 0.38476
207285 0.383346
207300 0.38491
207315 0.385239
207330 0.384202
207345 0.383383
207360 0.380207
207375 0.380376
207390 0.379155
207405 0.377745
207420 0.377989
207435 0.378648
207450 0.377997
207465 0.37863
207480 0.379535
207495 0.37862
207510 0.378868
207525 0.377975
207540 0.37806
207555 0.379876
207570 0.380433
207585 0.382047
207600 0.384451
207615 0.3869
207630 0.385965
207645 0.384164
207660 0.384471
207675 0.38236
207690 0.378114
207705 0.375368
207720 0.376264
207735 0.377492
207750 0.377251
207765 0.377753
207780 0.379609
207795 0.382325
207810 0.383197
207825 0.384443
207840 0.384789
207855 0.383074
207870 0.382789
207885 0.381231
207900 0.381589
207915 0.382063
207930 0.381412
207945 0.379827
207960 0.381728
207975 0.382865
207990 0.384347
208005 0.384027
208020 0.384426
208035 0.384518
208050 0.384298
208065 0.384471
208080 0.384343
208095 0.384212
208110 0.383174
208125 0.382111
208140 0.382335
208155 0.379853
208170 0.377776
208185 0.37623
208200 0.373408
208215 0.371474
208230 0.371204
208245 0.371169
208260 0.370156
208275 0.368281
208290 0.369688
208305 0.371805
208320 0.373428
208335 0.375563
208350 0.376726
208365 0.375788
208380 0.376181
208395 0.376453
208410 0.376909
208425 0.378656
208440 0.378703
208455 0.378214
208470 0.377173
208485 0.377707
208500 0.376584
208515 0.374201
208530 0.373516
208545 0.374241
208560 0.37491
208575 0.376618
208590 0.376718
208605 0.376256
208620 0.37567
208635 0.376736
208650 0.378009
208665 0.378785
208680 0.378798
208695 0.377271
208710 0.374617
208725 0.371912
208740 0.369447
208755 0.369978
208770 0.370044
208785 0.37167
208800 0.371774
208815 0.373516
208830 0.374262
208845 0.375316
208860 0.377118
208875 0.376092
208890 0.375556
208905 0.377177
208920 0.379559
208935 0.380309
208950 0.378015
208965 0.376957
208980 0.375504
208995 0.37396
209010 0.374031
209025 0.372862
209040 0.372356
209055 0.372191
209070 0.369572
209085 0.367512
209100 0.365362
209115 0.365505
209130 0.366752
209145 0.368102
209160 0.369602
209175 0.372207
209190 0.373523
209205 0.374389
209220 0.374038
209235 0.37403
209250 0.375891
209265 0.376115
209280 0.375577
209295 0.375267
209310 0.373915
209325 0.375945
209340 0.379523
209355 0.38216
209370 0.382703
209385 0.382211
209400 0.38243
209415 0.382036
209430 0.381834
209445 0.381968
209460 0.38108
209475 0.382532
209490 0.38358
209505 0.383276
209520 0.383518
209535 0.38346
209550 0.384603
209565 0.384154
209580 0.381489
209595 0.381068
209610 0.379263
209625 0.37753
209640 0.375822
209655 0.373784
209670 0.373001
209685 0.374762
209700 0.377188
209715 0.38038
209730 0.381279
209745 0.381452
209760 0.379157
209775 0.376954
209790 0.375248
209805 0.373561
209820 0.372689
209835 0.372975
209850 0.373384
209865 0.37272
209880 0.371067
209895 0.371488
209910 0.372903
209925 0.372983
209940 0.373597
209955 0.375405
209970 0.376777
209985 0.37749
210000 0.376109
