Memory usage per processor = 8.92313 Mbytes
Step c_tempID v_Fz c_comTop[3] v_Fx c_comSphere[1] 
   30000    293.50031        -0.01    41.774128            0    36.434901 
   30100    289.66821        -0.01    41.801462 6.6666667e-05    36.502239 
   30200    290.14928        -0.01    41.822933 0.00013333333    36.515431 
   30300    289.41124        -0.01    41.842993       0.0002    36.511885 
   30400    291.45281        -0.01    41.869164 0.00026666667    36.453429 
   30500    285.94482        -0.01    41.904282 0.00033333333    36.337725 
   30600    288.68296        -0.01    41.935981       0.0004    36.407206 
   30700     287.5249        -0.01    41.957455 0.00046666667    36.438164 
   30800    291.15942        -0.01    41.983827 0.00053333333    36.425503 
   30900    292.12644        -0.01    42.008124       0.0006    36.455299 
   31000    290.53815        -0.01    42.021908 0.00066666667    36.434547 
   31100    292.89091        -0.01    42.024427 0.00073333333    36.489635 
   31200    291.58126        -0.01    42.011513       0.0008    36.458389 
   31300    292.76255        -0.01    41.997721 0.00086666667    36.443357 
   31400     290.6868        -0.01     41.97812 0.00093333333    36.441377 
   31500    292.52879        -0.01    41.957983        0.001     36.45071 
   31600    295.59668        -0.01    41.935117 0.0010666667    36.501324 
   31700    295.57781        -0.01    41.917459 0.0011333333    36.521026 
   31800    295.14762        -0.01    41.899565       0.0012    36.548382 
   31900    297.12515        -0.01    41.879035 0.0012666667    36.625091 
   32000    294.98642        -0.01    41.848314 0.0013333333    36.620231 
   32100    296.64423        -0.01    41.824436       0.0014    36.676748 
   32200     297.8019        -0.01    41.814457 0.0014666667    36.690128 
   32300    293.86019        -0.01     41.80736 0.0015333333    36.777095 
   32400    294.06012        -0.01    41.811351       0.0016    36.778641 
   32500    295.59032        -0.01    41.824354 0.0016666667     36.83156 
   32600    292.53704        -0.01     41.84921 0.0017333333    36.813174 
   32700     292.9294        -0.01    41.875554       0.0018    36.823823 
   32800     293.6493        -0.01    41.895792 0.0018666667    36.888428 
   32900    292.28381        -0.01    41.923328 0.0019333333    37.000317 
   33000     292.4911        -0.01    41.962583        0.002    37.001856 
   33100    292.90558        -0.01    41.992547 0.0020666667    37.033563 
   33200     289.3286        -0.01    42.031472 0.0021333333    37.012259 
   33300    288.71523        -0.01    42.068166       0.0022    37.025026 
   33400    291.72863        -0.01    42.097148 0.0022666667    36.973222 
   33500    292.07863        -0.01    42.120679 0.0023333333    37.040997 
   33600    291.59366        -0.01    42.136067       0.0024    37.111939 
   33700    289.88581        -0.01      42.1444 0.0024666667    37.193016 
   33800    285.84766        -0.01    42.143534 0.0025333333    37.174696 
   33900    288.64006        -0.01    42.121842       0.0026    37.096521 
   34000    286.74852        -0.01    42.102707 0.0026666667    37.124699 
   34100    289.92599        -0.01    42.086688 0.0027333333    37.192379 
   34200    291.09666        -0.01    42.052328       0.0028    37.221001 
   34300    292.40768        -0.01    42.016063 0.0028666667    37.248963 
   34400     295.4443        -0.01    41.983568 0.0029333333    37.263404 
   34500     293.4386        -0.01    41.948139        0.003    37.202751 
   34600    296.13676        -0.01    41.907009 0.0030666667    37.126471 
   34700    295.44167        -0.01    41.868021 0.0031333333    37.158357 
   34800    293.32607        -0.01    41.841239       0.0032    37.253091 
   34900    293.02385        -0.01      41.8128 0.0032666667     37.29732 
   35000    293.06625        -0.01    41.796176 0.0033333333    37.277061 
   35100    293.72615        -0.01    41.784788       0.0034    37.273263 
   35200    297.91897        -0.01     41.78264 0.0034666667    37.257844 
   35300    296.22344        -0.01    41.796394 0.0035333333    37.284418 
   35400    294.90979        -0.01    41.829356       0.0036    37.335937 
   35500    294.35303        -0.01    41.866537 0.0036666667    37.322871 
   35600    294.54265        -0.01    41.894054 0.0037333333    37.321159 
   35700    296.74739        -0.01    41.919646       0.0038    37.351369 
   35800    293.22111        -0.01    41.952001 0.0038666667    37.428636 
   35900    293.58968        -0.01    41.991741 0.0039333333    37.471105 
   36000    291.38604        -0.01    42.033483        0.004    37.471282 
   36100    291.07107        -0.01    42.072557 0.0040666667    37.477281 
   36200     292.6307        -0.01    42.111973 0.0041333333    37.438889 
   36300    287.27083        -0.01    42.141837       0.0042    37.474162 
   36400    290.28424        -0.01    42.160101 0.0042666667    37.527505 
   36500     288.6556        -0.01    42.167477 0.0043333333    37.597424 
   36600    288.37722        -0.01     42.14941       0.0044    37.600617 
   36700     286.1089        -0.01    42.122372 0.0044666667    37.611139 
   36800    287.16706        -0.01     42.09979 0.0045333333    37.707227 
   36900    287.11558        -0.01    42.075601       0.0046    37.665372 
   37000    292.30003        -0.01    42.050003 0.0046666667    37.685188 
   37100    288.70725        -0.01    42.020692 0.0047333333    37.692857 
   37200    290.61119        -0.01     41.97944       0.0048    37.680386 
   37300    289.79699        -0.01    41.937711 0.0048666667    37.701292 
   37400    291.91063        -0.01    41.894255 0.0049333333    37.801445 
   37500    294.47669        -0.01    41.849326        0.005    37.828076 
   37600    293.20748        -0.01     41.81951 0.0050666667    37.841935 
   37700     293.0625        -0.01    41.801428 0.0051333333    37.859802 
   37800    295.07975        -0.01    41.799732       0.0052    37.887729 
   37900    295.60258        -0.01     41.79491 0.0052666667    37.873806 
   38000    298.58485        -0.01    41.798545 0.0053333333    37.921777 
   38100    294.39268        -0.01    41.813744       0.0054    37.935684 
   38200    298.83019        -0.01    41.840165 0.0054666667    37.957323 
   38300    296.14203        -0.01    41.869108 0.0055333333    37.904269 
   38400    296.11565        -0.01    41.888996       0.0056    37.953843 
   38500    294.71538        -0.01    41.918457 0.0056666667     38.01338 
   38600    295.41437        -0.01    41.967894 0.0057333333    38.113154 
   38700    292.99834        -0.01    42.009886       0.0058    38.116513 
   38800    289.10114        -0.01    42.041566 0.0058666667    38.160163 
   38900     292.0743        -0.01    42.071589 0.0059333333    38.203741 
   39000    292.33397        -0.01    42.102209        0.006    38.175192 
   39100    293.14143        -0.01    42.128855 0.0060666667      38.2676 
   39200    289.97138        -0.01    42.142221 0.0061333333    38.351655 
   39300    288.45112        -0.01    42.144503       0.0062    38.467913 
   39400    289.98896        -0.01     42.13478 0.0062666667    38.542212 
   39500     287.1421        -0.01    42.123719 0.0063333333    38.663539 
   39600    291.48719        -0.01    42.115218       0.0064    38.877865 
   39700    289.65597        -0.01     42.08399 0.0064666667    39.115673 
   39800    291.53582        -0.01    42.041793 0.0065333333    39.325154 
   39900    293.20533        -0.01     41.98854       0.0066     39.45767 
   40000    296.28571        -0.01    41.929445 0.0066666667    39.500233 
   40100    292.90855        -0.01     41.86966 0.0067333333    39.674865 
   40200     296.3572        -0.01    41.804204       0.0068    39.875271 
   40300      295.837        -0.01    41.739162 0.0068666667    40.059687 
   40400    298.80931        -0.01     41.68499 0.0069333333    40.146746 
   40500    303.56295        -0.01    41.635734        0.007    40.378082 
   40600    300.91391        -0.01    41.579484 0.0070666667     40.58861 
   40700    301.32287        -0.01    41.519808 0.0071333333    40.754065 
   40800    301.27461        -0.01     41.47536       0.0072    40.979343 
   40900    307.59436        -0.01    41.433622 0.0072666667    41.286454 
   41000    304.24434        -0.01     41.39838 0.0073333333    41.508629 
   41100    311.45853        -0.01     41.39187       0.0074    41.694598 
   41200    314.87373        -0.01     41.40058 0.0074666667    41.843433 
   41300    316.55146        -0.01    41.414839 0.0075333333    42.021931 
   41400    319.56624        -0.01    41.436322       0.0076    42.238076 
   41500    312.58712        -0.01    41.463754 0.0076666667    42.502331 
   41600    319.43631        -0.01    41.483296 0.0077333333    42.685389 
   41700    315.39708        -0.01    41.499446       0.0078    42.795367 
   41800    312.52728        -0.01    41.530164 0.0078666667    42.926659 
   41900    315.76944        -0.01    41.564214 0.0079333333    43.106285 
   42000    314.71401        -0.01    41.576285        0.008    43.255396 
   42100    316.79253        -0.01    41.565186 0.0080666667    43.414856 
   42200     315.6064        -0.01    41.574531 0.0081333333    43.517795 
   42300    318.40046        -0.01    41.583187       0.0082    43.615093 
   42400    319.30399        -0.01    41.587546 0.0082666667    43.767843 
   42500    325.24255        -0.01    41.568172 0.0083333333    43.941541 
   42600    325.19822        -0.01    41.531584       0.0084    44.083175 
   42700    329.09381        -0.01    41.495375 0.0084666667    44.364557 
   42800    332.15708        -0.01    41.459031 0.0085333333    44.594705 
   42900    330.71061        -0.01    41.437665       0.0086    44.800839 
   43000    327.33134        -0.01    41.447098 0.0086666667     45.02591 
   43100    330.92327        -0.01    41.423923 0.0087333333    45.261062 
   43200    335.15954        -0.01     41.38274       0.0088    45.394292 
   43300    335.24673        -0.01    41.351933 0.0088666667    45.508715 
   43400    337.38102        -0.01    41.318679 0.0089333333    45.666227 
   43500    339.20987        -0.01    41.293709        0.009     45.89606 
   43600    337.02402        -0.01    41.256476 0.0090666667    46.218507 
   43700    343.44619        -0.01     41.24752 0.0091333333    46.369158 
   43800    331.80664        -0.01    41.208951       0.0092    46.572053 
   43900    343.18199        -0.01    41.170039 0.0092666667    46.811549 
   44000    345.50614        -0.01    41.124399 0.0093333333    46.887161 
   44100    356.49194        -0.01    41.069862       0.0094    46.989317 
   44200    359.64736        -0.01    41.000856 0.0094666667    47.096919 
   44300    352.86137        -0.01    40.933813 0.0095333333    47.329785 
   44400     363.5532        -0.01    40.880184       0.0096    47.526955 
   44500    359.69848        -0.01    40.802815 0.0096666667    47.759864 
   44600     362.6289        -0.01    40.708139 0.0097333333    47.875799 
   44700    363.20149        -0.01    40.619477       0.0098    48.014318 
   44800    366.34087        -0.01    40.505685 0.0098666667    48.140645 
   44900    374.63597        -0.01    40.372066 0.0099333333    48.330224 
   45000    377.92346        -0.01     40.23328         0.01    48.487656
